Multiple size <= 100
TEST 1 ARG:91 79 64 83 46 48 5 53 69 32 70 57 12 54 75 95 50 41 88 47 78 68 38 59 26 87 85 15 74 25 21 35 58 90 30 20 8 55 3 6 33 99 43 19 72 1 66 49 0 77 28 22 61 45 56 16 51 93 81 4 40 17 52 24 76 39 82 29 86 7 67 13 36 10 65 60 94 62 27 71 92 2 84 42 18 98 34 80 23 9 31 14 37 44 11 97 96 63 89 73 
TEST 2 ARG:98 70 97 30 12 20 26 45 31 0 58 95 79 24 89 51 28 67 54 49 3 68 33 14 19 65 71 11 81 47 23 55 69 38 22 21 78 46 50 52 88 72 76 17 32 53 74 57 39 48 34 82 16 42 6 66 94 15 35 8 29 92 61 27 91 43 13 5 96 37 73 7 59 85 86 56 60 25 64 87 10 41 36 1 90 40 84 80 62 18 83 77 4 44 99 2 93 9 63 75 
TEST 3 ARG:18 40 22 86 16 74 12 23 80 78 6 84 90 48 55 5 47 8 3 56 59 98 62 45 67 52 83 43 93 91 13 14 4 68 87 63 1 24 54 73 30 27 58 37 28 7 42 32 10 25 36 39 89 57 64 9 53 38 61 44 34 33 97 71 20 69 77 76 11 85 21 66 81 75 65 15 51 17 41 35 29 2 95 72 88 26 49 70 82 50 31 0 99 79 94 92 19 60 96 46 
TEST 4 ARG:48 36 75 24 46 15 87 71 5 45 14 34 4 38 67 54 78 27 51 89 37 60 8 44 56 79 41 22 86 19 11 92 7 20 26 63 69 65 80 99 68 23 2 83 0 30 72 9 29 95 91 55 70 12 13 82 58 57 90 33 93 21 17 74 25 53 98 40 39 31 28 62 50 1 3 47 81 52 6 94 64 32 76 85 88 59 16 18 96 84 10 97 73 77 66 43 35 61 49 42 
TEST 5 ARG:79 91 46 19 4 58 2 57 97 12 34 88 35 69 60 5 36 39 37 55 86 73 95 72 22 50 76 42 90 74 54 63 92 27 45 48 13 81 59 29 93 83 31 89 78 53 67 15 85 61 77 68 84 47 40 49 64 41 3 10 51 52 6 20 94 0 80 30 56 28 1 16 14 25 23 38 87 70 71 82 9 17 33 26 8 32 96 99 66 43 18 75 24 62 98 11 65 7 21 44 
TEST 6 ARG:96 73 57 87 98 86 74 93 16 47 53 27 33 49 48 18 76 69 94 83 29 28 90 19 56 68 46 13 60 99 85 92 11 8 32 63 26 30 12 62 37 3 71 82 55 80 72 6 51 24 36 14 10 50 34 67 70 42 40 75 54 97 22 91 9 31 25 61 5 21 4 2 84 1 64 41 66 44 52 43 88 59 89 38 15 45 65 35 23 7 79 77 20 78 95 17 0 39 81 58 
TEST 7 ARG:17 11 45 60 14 86 62 48 61 94 78 99 85 33 72 65 19 58 98 87 74 90 5 36 81 25 79 88 13 49 44 39 54 27 89 42 0 66 52 34 84 15 6 80 96 76 43 92 24 4 28 93 12 53 46 67 22 23 7 47 71 73 1 70 83 63 31 10 64 3 9 91 56 2 55 29 18 50 97 75 59 35 26 8 51 21 30 20 68 77 37 16 32 57 40 41 38 82 95 69 
TEST 8 ARG:45 32 44 55 46 67 3 84 21 1 58 82 96 80 78 17 91 9 5 94 74 27 57 47 75 0 92 79 53 62 61 86 33 12 48 37 90 54 19 8 68 2 39 63 69 29 98 81 34 40 70 11 35 13 31 89 97 76 87 60 22 50 93 42 16 72 23 43 10 7 18 99 24 41 30 71 85 38 83 15 88 49 56 77 65 25 52 95 4 59 36 73 14 28 26 66 64 20 6 51 
TEST 9 ARG:19 56 53 31 49 39 8 91 43 41 66 92 90 93 24 2 74 16 14 84 64 55 81 89 99 15 76 13 87 80 59 98 32 9 11 25 37 5 40 73 79 78 63 52 62 51 17 4 50 69 20 7 86 70 57 27 1 72 94 29 61 65 33 21 82 77 35 83 96 26 85 30 95 47 97 60 44 18 10 54 23 88 45 67 48 38 75 3 71 36 12 6 42 68 28 22 58 46 0 34 
TEST 10 ARG:32 54 95 33 45 10 23 68 22 41 29 53 40 16 11 60 13 97 62 74 80 96 18 50 46 1 55 61 2 31 47 3 24 72 86 19 39 67 26 84 71 77 37 90 69 70 85 89 58 30 49 38 82 73 34 6 0 7 57 91 48 9 42 5 27 12 93 88 64 94 78 35 36 4 76 79 99 65 81 21 28 83 20 56 14 44 15 92 51 59 63 98 52 87 43 17 66 8 25 75 
TEST 11 ARG:71 23 43 49 44 88 56 94 34 73 39 55 15 28 91 78 37 33 30 1 12 77 70 10 5 90 85 79 4 57 66 52 74 2 67 31 45 81 98 24 36 27 54 6 17 20 51 48 62 3 64 25 92 93 22 40 80 26 87 58 18 9 59 19 97 14 63 29 99 53 46 13 68 7 47 35 83 11 65 60 8 0 75 84 16 72 21 42 82 50 32 69 76 41 86 89 38 96 95 61 
TEST 12 ARG:83 14 87 1 33 47 20 3 31 27 89 82 26 34 77 63 19 86 44 96 8 30 92 45 79 99 54 53 84 94 95 61 49 21 75 65 4 48 17 91 12 72 97 40 76 52 56 69 35 22 81 41 66 60 98 55 85 5 43 80 18 42 90 32 7 62 70 57 15 36 68 37 51 71 11 28 59 50 64 0 38 16 24 58 93 9 73 46 74 78 67 6 88 10 2 13 29 23 39 25 
TEST 13 ARG:37 63 33 35 58 51 22 55 91 20 66 30 96 31 90 21 64 95 65 89 14 75 4 71 98 11 25 17 57 49 87 92 52 3 19 53 56 27 44 88 34 9 68 46 28 48 18 50 26 80 0 70 1 86 36 23 38 8 24 15 76 72 45 32 39 47 79 94 7 77 69 2 83 43 99 54 93 60 41 74 16 29 6 84 61 78 59 62 67 10 82 97 13 42 12 40 81 73 85 5 
TEST 14 ARG:47 11 56 57 10 88 73 38 79 14 46 99 51 74 36 59 43 32 66 6 35 84 97 60 89 21 80 52 19 58 39 72 61 18 41 8 91 54 23 63 2 50 81 13 87 70 76 65 69 42 82 78 37 4 24 96 9 30 68 34 29 7 15 49 3 26 92 44 1 5 86 25 85 75 22 64 16 45 48 27 17 33 77 90 93 62 98 94 71 31 28 53 67 12 83 40 55 95 20 0 
TEST 15 ARG:19 74 65 12 82 40 25 16 52 73 24 31 42 91 86 28 45 96 61 67 2 3 90 4 89 5 68 13 85 63 33 98 44 32 47 34 57 51 92 66 41 8 1 49 79 84 27 22 36 80 21 60 78 77 23 43 35 46 87 71 26 62 48 55 9 95 50 88 72 76 54 53 69 94 14 59 58 93 15 10 64 18 17 81 6 97 29 20 37 38 70 99 0 75 56 30 11 39 83 7 
TEST 16 ARG:9 6 8 15 74 23 28 38 27 54 85 98 71 49 33 65 84 58 43 26 79 82 18 90 92 78 89 88 40 1 25 13 76 29 30 66 72 99 14 19 93 94 86 63 80 46 91 67 48 68 81 2 96 77 12 75 52 45 42 44 39 73 83 17 31 11 70 3 64 10 22 57 95 51 41 7 24 34 53 61 36 37 56 69 97 47 4 87 55 59 0 16 20 60 21 50 62 35 5 32 
TEST 17 ARG:35 93 19 82 85 4 17 77 20 87 79 0 44 52 83 45 14 60 69 47 7 25 28 96 18 21 48 38 24 2 40 67 84 8 51 9 66 46 10 30 65 31 90 80 11 94 53 95 1 92 86 57 12 6 78 50 99 98 41 34 64 39 3 73 61 75 97 42 55 63 43 23 58 16 33 29 56 13 32 68 89 74 59 88 49 22 62 91 81 36 37 5 70 15 26 27 54 71 72 76 
TEST 18 ARG:90 24 8 99 11 2 64 70 85 57 76 6 60 48 17 71 47 61 28 18 9 86 39 31 33 55 72 40 14 65 5 12 51 3 25 77 98 73 36 22 38 4 82 93 44 97 49 56 96 30 35 68 32 80 66 29 13 20 37 52 53 43 62 21 10 27 34 83 7 54 59 74 94 41 78 91 63 42 26 69 95 89 1 45 0 19 50 87 75 67 81 15 23 58 88 84 92 16 79 46 
TEST 19 ARG:7 26 31 30 15 80 68 19 25 4 90 57 41 32 95 66 74 87 35 29 44 81 85 38 33 18 78 86 73 37 76 48 71 27 8 12 49 46 70 50 2 61 45 89 77 63 98 34 56 97 36 11 52 9 84 23 43 40 1 3 42 93 60 17 55 91 14 75 6 65 96 22 53 28 5 64 79 58 59 82 67 13 24 0 69 21 94 16 20 47 51 10 39 99 54 83 62 72 92 88 
TEST 20 ARG:35 57 45 7 60 37 17 58 87 10 18 30 13 95 54 49 39 56 40 75 59 26 68 97 41 9 24 38 12 72 65 22 74 16 83 70 90 28 8 31 73 93 55 89 71 32 14 96 52 21 78 53 76 27 19 36 85 23 99 62 25 2 33 69 15 3 61 92 11 44 81 4 94 1 79 48 42 46 84 34 50 0 63 5 29 47 80 43 82 67 6 66 86 51 91 20 98 77 64 88 
TEST 21 ARG:82 35 75 44 59 71 37 8 80 54 86 41 57 21 14 13 87 39 62 3 93 69 91 78 34 47 81 4 67 26 18 60 45 89 90 46 64 92 0 88 16 70 56 61 72 55 20 53 49 98 24 43 99 1 28 76 85 22 6 96 27 5 63 29 48 51 12 2 73 40 30 50 32 84 66 65 83 38 74 33 25 79 68 94 23 42 17 15 31 7 77 95 58 11 97 52 19 36 10 9 
TEST 22 ARG:77 11 84 92 78 29 35 13 88 80 16 63 94 7 51 99 48 0 76 39 81 93 97 73 17 82 42 55 85 28 62 43 6 41 20 38 66 24 90 58 32 23 22 18 72 44 25 83 59 33 56 65 10 74 36 27 87 89 37 34 57 26 9 75 52 64 68 67 86 19 47 95 45 2 54 69 21 91 14 50 79 4 3 15 61 60 1 31 12 98 96 49 30 5 53 71 8 70 46 40 
TEST 23 ARG:19 63 72 18 14 75 35 80 55 42 3 36 94 70 1 64 57 15 98 86 7 84 6 29 79 5 4 95 37 20 22 33 81 68 26 10 91 82 48 85 23 11 60 93 88 62 99 39 40 83 30 44 2 28 71 45 58 12 27 31 87 32 54 52 24 89 69 13 59 21 66 97 47 9 46 16 17 90 25 56 78 65 0 49 76 77 38 61 74 67 92 73 34 8 53 50 41 96 43 51 
TEST 24 ARG:94 42 64 0 10 27 46 13 86 82 2 85 43 28 75 73 21 4 69 81 56 44 97 71 17 19 20 96 48 37 51 24 41 52 59 5 60 36 77 35 34 7 98 95 9 30 72 57 32 8 68 99 78 45 47 76 89 55 66 63 29 16 31 22 25 49 15 58 38 79 40 92 65 6 54 11 83 87 61 93 62 74 90 33 50 3 18 39 84 23 91 70 1 67 12 88 80 53 14 26 
TEST 25 ARG:26 54 2 45 9 49 84 52 57 17 43 20 14 65 3 35 59 70 10 73 8 61 68 89 82 55 1 38 81 85 16 31 69 72 67 5 95 56 75 76 62 29 48 39 63 0 71 60 34 51 78 13 15 46 97 36 32 19 80 40 47 66 21 7 98 33 86 87 23 99 96 4 74 90 11 6 27 50 30 53 94 24 77 79 37 22 44 88 83 93 41 28 64 18 42 12 92 25 91 58 
TEST 26 ARG:38 74 79 98 53 27 34 68 32 54 30 10 55 43 36 59 99 52 90 29 73 40 9 87 70 80 97 22 86 48 76 19 1 85 61 39 67 51 18 37 25 4 11 12 8 47 45 92 44 84 15 17 20 42 62 94 35 93 21 69 2 88 72 23 58 33 66 81 82 13 28 89 46 31 0 5 95 14 78 50 3 7 26 83 63 57 96 6 41 16 77 49 91 71 56 64 60 75 24 65 
TEST 27 ARG:30 88 25 60 43 14 20 55 57 17 16 36 12 10 53 11 70 87 28 83 5 72 24 19 56 3 77 35 27 37 51 97 7 47 61 90 69 84 38 52 92 44 79 82 45 74 29 39 18 1 13 65 2 73 89 98 86 49 59 31 58 32 76 95 26 23 9 80 64 75 33 6 15 94 71 48 34 68 81 54 91 99 46 93 96 62 50 78 40 0 85 8 22 21 42 41 4 66 67 63 
TEST 28 ARG:62 54 1 88 39 93 41 75 81 51 49 21 95 66 28 24 69 27 60 2 58 57 84 9 46 83 63 40 35 94 89 64 73 86 56 52 12 22 85 97 68 10 42 16 71 77 7 80 25 45 70 3 34 72 92 43 82 55 76 38 11 79 53 32 15 87 29 31 96 67 50 47 26 18 17 74 20 78 99 48 36 33 5 37 44 14 6 91 30 23 90 61 13 4 19 0 98 8 65 59 
TEST 29 ARG:67 15 83 53 7 65 8 54 19 59 92 34 37 91 81 33 48 79 61 42 39 22 35 1 46 68 5 95 43 47 16 60 98 14 51 71 78 84 80 12 17 66 23 44 50 75 76 93 85 70 13 88 29 9 90 87 45 2 27 77 32 97 72 69 4 0 26 52 3 28 38 74 62 24 31 41 57 21 86 10 89 20 58 55 40 63 6 25 56 49 96 64 73 11 30 82 18 36 94 99 
TEST 30 ARG:19 27 92 42 31 73 8 63 68 33 3 84 1 46 91 13 38 66 15 49 0 95 96 24 26 51 93 35 39 16 77 17 12 7 83 64 60 32 71 25 67 56 87 28 82 29 41 20 98 99 62 11 5 22 78 80 72 43 37 40 69 76 14 79 88 57 81 59 52 6 10 75 70 89 44 34 94 4 86 74 23 36 65 45 47 90 18 58 85 21 48 2 9 55 54 61 50 53 30 97 
TEST 31 ARG:38 50 29 34 1 85 75 66 47 82 31 76 77 17 58 69 61 46 30 73 65 52 48 6 43 21 74 68 14 40 32 0 57 64 11 36 62 55 41 54 37 44 60 96 70 27 88 25 99 51 98 39 24 4 42 8 93 94 86 10 45 78 67 26 20 81 95 13 3 53 9 97 15 49 2 22 16 18 19 23 89 84 7 56 5 12 28 90 79 87 71 91 83 72 33 35 63 59 80 92 
TEST 32 ARG:51 72 27 53 81 56 85 75 63 32 46 33 2 36 87 82 21 70 26 35 79 69 44 38 64 84 1 5 29 96 34 47 95 10 49 39 92 0 61 76 77 86 19 54 4 15 90 71 99 14 78 23 24 80 52 37 42 88 94 7 57 62 20 68 40 25 98 12 74 89 17 48 83 11 8 43 13 6 59 66 67 45 50 93 73 31 22 91 18 97 58 9 65 28 3 41 55 30 60 16 
TEST 33 ARG:47 42 31 0 30 75 57 32 74 82 38 98 66 88 48 69 84 40 45 27 83 39 79 93 68 90 16 15 50 21 97 73 28 65 25 55 96 23 41 10 4 43 92 76 51 7 34 63 49 36 24 59 61 5 18 99 37 33 71 1 2 29 22 78 8 11 89 26 44 87 58 86 64 9 12 94 53 56 81 46 14 54 70 17 95 52 13 60 85 72 77 67 80 19 6 62 35 91 3 20 
TEST 34 ARG:77 99 41 87 71 94 75 26 38 0 54 14 63 36 45 47 31 53 15 43 30 23 85 1 78 88 9 97 73 3 98 91 56 37 69 59 11 58 55 86 28 10 81 52 39 2 50 19 95 44 29 22 66 32 89 17 68 5 24 48 64 42 4 61 70 92 16 18 13 80 83 67 34 7 96 49 25 72 46 79 65 12 6 84 27 74 90 8 93 82 40 57 62 35 76 51 33 21 60 20 
TEST 35 ARG:23 39 8 87 70 61 68 20 75 36 81 21 18 66 84 94 27 63 99 0 16 45 86 55 79 7 17 88 15 97 67 13 51 37 98 83 34 25 85 35 59 90 4 48 32 38 26 33 11 95 69 47 9 1 28 14 89 40 3 60 6 49 12 2 92 44 77 80 19 31 76 58 56 54 64 73 30 72 24 82 74 50 5 22 52 43 29 91 65 78 71 53 62 41 57 46 93 96 10 42 
TEST 36 ARG:94 51 62 37 39 79 15 35 73 10 60 33 11 92 68 57 4 23 42 88 99 72 61 89 19 96 70 38 91 44 9 77 28 65 22 3 2 53 14 20 75 46 29 49 27 36 34 90 86 17 47 85 40 67 76 78 18 80 71 26 98 0 12 52 58 1 24 43 64 66 48 81 21 16 74 69 31 13 56 6 54 50 45 95 55 97 5 87 59 84 25 7 30 32 41 93 63 83 82 8 
TEST 37 ARG:59 75 70 20 32 58 27 45 97 48 73 25 69 7 3 36 91 24 76 94 41 81 30 35 49 15 21 51 44 29 23 57 5 67 38 26 14 8 6 71 80 55 12 63 4 83 95 99 11 74 43 62 37 77 64 68 61 96 84 88 93 79 22 66 60 85 10 56 18 89 53 46 39 0 86 54 50 13 87 78 90 31 19 47 28 40 92 72 2 34 33 52 17 42 9 1 16 82 98 65 
TEST 38 ARG:5 6 58 95 62 87 29 59 46 9 24 57 93 33 47 98 36 50 74 39 70 97 18 63 92 32 65 28 23 10 34 61 17 38 96 99 55 84 2 40 94 80 42 26 12 14 81 75 60 1 86 73 3 82 37 69 22 43 56 8 31 66 79 41 27 48 20 7 25 91 16 67 45 30 0 44 76 35 21 13 53 72 68 90 51 52 4 77 88 15 54 71 11 78 49 19 83 85 89 64 
TEST 39 ARG:66 17 8 71 40 32 6 92 46 15 58 29 2 20 97 93 80 53 13 65 3 37 72 43 49 45 67 12 41 50 33 63 24 22 35 9 74 34 87 69 16 81 26 75 73 11 90 55 51 19 83 44 91 36 39 57 30 76 5 28 14 84 23 85 56 47 89 38 78 31 99 96 60 4 25 48 0 68 98 27 54 42 64 77 82 79 61 21 95 10 59 94 1 70 62 18 52 86 88 7 
TEST 40 ARG:69 48 51 5 30 86 14 13 2 89 93 15 47 62 91 27 68 8 82 61 57 66 76 10 31 21 34 42 4 38 59 92 95 12 96 25 32 11 41 83 71 37 90 18 39 65 63 7 6 52 79 40 17 74 46 19 0 75 85 73 72 67 28 26 33 1 36 97 77 43 3 87 35 94 80 55 60 49 16 54 84 44 70 29 22 78 23 58 56 50 20 99 64 53 9 98 88 81 24 45 
TEST 41 ARG:96 41 78 92 33 10 24 70 46 75 67 42 9 80 52 49 38 86 47 81 64 29 2 31 69 91 77 87 35 44 89 98 25 74 21 62 85 54 97 65 61 76 26 50 39 1 43 12 72 3 94 14 63 57 59 37 18 71 6 8 99 88 22 11 45 73 40 48 28 4 55 60 83 19 32 56 93 20 13 15 95 79 34 36 5 82 30 66 7 90 17 16 0 51 68 84 58 23 27 53 
TEST 42 ARG:48 50 95 7 88 45 23 3 68 32 60 46 87 54 5 44 31 65 83 93 39 64 86 89 22 58 62 13 25 37 79 6 78 10 73 70 29 67 47 52 97 51 15 4 49 81 33 75 61 53 35 94 80 96 74 34 12 42 1 55 14 98 59 84 41 11 9 57 71 8 2 63 82 16 90 76 92 56 28 19 24 43 85 26 91 99 30 0 77 38 40 69 17 36 20 18 66 21 72 27 
TEST 43 ARG:19 88 29 90 40 70 98 45 21 71 24 12 92 55 74 59 17 32 7 83 11 28 18 20 94 66 56 78 1 8 61 69 41 38 50 31 22 43 23 54 13 67 72 27 58 76 36 86 89 0 64 34 3 48 96 60 77 47 2 79 84 75 82 5 80 68 62 95 37 87 99 26 73 30 57 42 97 53 6 49 10 15 52 93 33 25 16 63 44 35 65 85 9 14 81 51 91 39 4 46 
TEST 44 ARG:24 92 67 30 86 0 35 87 85 15 56 7 97 73 83 29 19 84 26 75 37 93 78 27 52 12 4 98 33 51 63 90 72 32 96 17 80 10 69 13 59 45 34 79 53 61 65 57 23 54 28 49 6 66 39 9 42 20 8 48 40 71 82 58 88 43 77 18 3 22 76 44 46 25 70 74 2 95 5 68 1 21 99 41 91 94 64 89 47 50 55 11 31 62 16 38 81 14 36 60 
TEST 45 ARG:65 44 21 63 13 93 96 47 48 41 33 9 81 5 11 57 76 40 26 98 3 1 91 62 51 94 84 87 16 27 86 0 49 66 12 59 30 82 7 37 67 92 95 20 78 46 22 24 10 61 80 34 28 45 17 2 15 56 90 14 42 74 36 64 50 43 29 35 60 73 53 32 68 38 72 88 99 79 19 83 70 6 89 54 85 69 55 31 39 52 18 4 97 75 77 58 71 8 23 25 
TEST 46 ARG:55 6 3 7 68 23 4 28 35 18 76 66 10 29 59 46 85 58 48 57 15 45 11 79 72 30 99 27 94 87 34 49 96 95 60 43 31 24 12 98 89 64 75 1 22 38 63 9 26 41 32 77 97 86 74 5 13 53 69 80 71 67 19 84 17 47 88 16 0 42 39 83 20 14 33 54 65 62 51 78 90 8 91 40 44 21 92 61 2 56 73 37 25 70 36 52 50 93 81 82 
TEST 47 ARG:82 34 11 13 15 51 42 98 88 96 59 49 3 74 68 41 12 69 37 76 22 77 70 80 85 9 75 62 86 36 27 24 28 60 53 61 7 45 26 87 14 67 43 1 40 91 94 83 48 23 95 10 93 57 47 29 33 55 58 32 56 99 6 64 20 35 97 78 17 92 66 73 5 71 50 21 19 0 54 72 38 16 90 46 30 52 84 79 89 25 44 31 18 65 8 2 39 81 4 63 
TEST 48 ARG:0 4 96 34 80 68 73 84 43 65 15 57 19 32 98 64 87 78 39 49 93 22 47 77 18 97 83 21 88 53 71 63 62 58 31 11 67 10 90 14 24 30 27 95 91 3 76 85 33 48 28 9 26 99 13 36 44 54 1 29 51 72 59 89 92 40 6 66 52 2 12 82 94 8 79 70 60 23 75 17 38 25 41 46 50 56 74 61 5 55 35 42 37 7 20 45 81 16 69 86 
TEST 49 ARG:46 8 92 9 96 57 12 59 17 1 3 56 54 29 5 34 15 86 21 80 37 85 74 13 89 27 43 84 61 41 23 49 24 52 63 65 7 67 42 69 4 47 94 33 10 68 75 2 77 78 14 22 79 44 50 0 95 35 55 19 91 88 6 51 16 11 58 90 32 72 81 36 83 82 66 48 98 40 71 25 70 31 18 76 28 20 93 38 30 73 64 97 62 26 45 39 60 87 99 53 
TEST 50 ARG:75 1 24 44 9 92 3 63 45 8 32 89 83 23 43 33 17 22 87 84 4 47 64 34 60 38 67 12 2 99 51 30 66 72 35 13 42 91 76 59 31 53 93 97 65 79 55 73 16 27 0 6 74 86 25 26 54 80 20 15 96 62 69 46 90 10 41 78 18 49 94 37 48 5 40 36 77 57 19 95 28 85 58 52 56 88 7 29 50 61 98 11 82 68 81 14 70 71 21 39 
TEST 51 ARG:2 21 19 74 94 24 97 63 14 43 78 32 13 72 48 20 29 6 84 15 9 77 16 4 33 67 11 41 58 93 85 96 68 28 22 31 39 36 56 98 44 34 65 25 10 76 66 59 52 42 86 90 37 89 17 50 73 62 55 53 3 45 79 46 88 80 69 81 35 91 47 75 30 8 51 60 1 82 12 18 26 87 27 83 54 23 38 99 49 95 71 40 5 7 64 57 0 61 70 92 
TEST 52 ARG:67 94 63 55 14 4 80 29 43 73 54 76 31 71 17 77 19 99 78 85 20 62 0 48 5 13 42 53 1 83 2 58 75 37 87 82 91 52 65 97 88 10 70 59 9 50 79 26 74 34 40 98 11 95 61 21 49 8 7 32 30 44 33 45 27 86 18 28 12 38 90 96 69 81 84 68 35 6 56 41 16 23 47 57 15 24 92 22 93 3 46 25 39 51 72 64 89 66 60 36 
TEST 53 ARG:12 53 84 94 78 42 46 1 89 91 62 6 52 28 92 11 93 56 38 29 79 31 21 5 63 64 10 87 96 47 72 43 26 27 17 60 13 35 83 69 90 15 25 20 45 22 50 39 3 14 65 68 23 18 58 55 61 99 88 7 32 75 82 77 48 81 30 9 24 16 86 70 19 34 41 76 49 33 67 2 74 40 36 44 0 95 85 37 98 59 97 51 4 54 66 71 8 80 57 73 
TEST 54 ARG:56 18 2 83 33 74 47 61 10 13 59 4 42 70 93 62 23 78 46 54 24 48 1 53 35 88 12 82 94 15 43 39 14 6 95 31 55 96 57 16 40 9 25 91 36 73 45 60 8 30 92 86 75 7 29 97 27 5 26 80 50 99 77 87 37 66 22 32 67 11 84 34 41 28 72 20 3 90 21 52 69 51 17 65 89 68 98 44 85 0 79 19 63 58 76 64 71 38 81 49 
TEST 55 ARG:31 10 76 41 54 67 18 15 72 11 71 38 34 48 65 78 26 56 73 87 60 20 29 35 84 82 40 37 69 50 81 55 8 5 4 30 28 36 58 24 25 16 32 7 47 45 44 91 57 79 90 96 88 80 39 62 61 1 13 59 68 99 9 86 2 70 46 21 19 17 97 95 93 89 0 63 3 83 27 6 23 33 12 94 75 92 85 22 52 77 42 43 49 14 74 53 98 51 64 66 
TEST 56 ARG:46 25 99 40 53 3 20 21 66 44 1 27 79 43 12 26 81 76 8 71 38 9 60 49 92 37 24 87 73 98 29 82 65 39 95 50 91 36 52 90 11 45 15 32 89 62 63 10 96 7 16 6 68 34 78 70 17 19 88 35 93 30 74 22 58 0 13 41 75 54 61 33 64 97 28 83 18 51 55 94 69 77 14 47 4 86 42 84 2 72 67 31 48 85 23 56 5 59 57 80 
TEST 57 ARG:2 44 28 51 15 95 9 13 83 90 30 62 4 18 6 61 49 1 87 79 37 94 3 42 41 25 80 22 23 92 19 11 36 45 73 75 76 98 63 69 33 81 20 91 65 70 47 52 29 10 93 39 46 64 48 77 31 54 60 67 38 89 14 78 12 84 24 66 96 35 0 97 86 71 88 43 50 8 85 55 58 7 82 57 21 34 53 99 68 72 5 17 59 32 40 26 27 56 74 16 
TEST 58 ARG:5 26 36 67 93 37 48 39 17 96 0 49 55 6 54 78 52 14 16 99 68 2 40 74 41 75 90 47 38 22 46 85 70 25 59 44 31 42 18 62 94 11 77 10 45 84 82 15 19 83 56 1 29 80 28 79 61 35 64 87 9 51 97 89 76 66 58 43 86 21 33 91 7 27 32 13 12 30 92 63 57 88 23 53 71 72 4 65 73 3 20 50 34 95 8 98 81 24 69 60 
TEST 59 ARG:3 42 53 95 59 46 24 85 43 22 48 80 5 35 11 94 52 99 79 62 81 12 44 57 83 88 75 87 9 25 73 15 96 77 78 66 90 19 98 29 89 39 7 64 10 72 37 14 23 18 45 68 54 71 30 67 36 16 91 32 65 47 21 41 40 27 82 70 97 6 20 26 86 93 31 84 33 60 8 2 0 61 92 56 58 13 34 51 63 28 1 17 76 74 49 50 69 38 55 4 
TEST 60 ARG:91 50 37 29 48 32 92 83 51 35 59 69 85 94 84 12 38 28 61 98 24 73 30 36 44 52 64 65 25 96 62 26 75 20 95 33 87 97 19 8 68 67 21 14 23 77 72 66 81 88 7 34 58 78 2 70 49 45 17 47 39 16 27 56 54 90 9 42 18 1 74 89 99 53 31 15 11 6 43 76 46 40 79 82 71 93 63 13 41 22 80 3 57 86 55 0 5 4 10 60 
TEST 61 ARG:29 0 41 94 83 42 37 66 23 22 46 8 45 61 92 1 52 71 32 99 2 26 39 24 65 89 50 3 28 82 48 87 40 19 30 90 57 78 59 95 36 74 13 58 80 15 67 98 60 27 9 6 76 20 44 63 18 11 55 47 77 10 69 38 73 84 51 43 35 96 62 93 16 4 14 64 68 12 34 75 53 7 49 56 91 81 31 79 97 70 21 72 33 5 86 85 54 25 88 17 
TEST 61 ARG:29 0 41 94 83 42 37 66 23 22 46 8 45 61 92 1 52 71 32 99 2 26 39 24 65 89 50 3 28 82 48 87 40 19 30 90 57 78 59 95 36 74 13 58 80 15 67 98 60 27 9 6 76 20 44 63 18 11 55 47 77 10 69 38 73 84 51 43 35 96 62 93 16 4 14 64 68 12 34 75 53 7 49 56 91 81 31 79 97 70 21 72 33 5 86 85 54 25 88 17 
TEST 62 ARG:66 36 85 24 55 89 4 49 38 46 51 26 41 68 59 98 34 60 37 28 22 70 76 33 47 14 69 6 92 20 82 40 65 18 3 71 77 58 31 16 48 29 97 95 93 30 53 88 0 83 90 73 67 94 72 80 9 96 12 91 61 81 99 1 43 64 56 63 25 52 32 10 21 23 27 7 87 15 39 79 75 19 74 17 45 35 5 54 62 13 57 42 44 78 50 86 84 2 8 11 
TEST 63 ARG:27 34 45 81 98 76 18 24 14 51 3 1 55 26 10 43 56 58 38 29 79 31 65 20 54 4 74 28 73 8 42 71 0 19 15 64 62 84 23 90 5 30 17 7 92 47 16 94 60 50 39 49 33 44 80 25 82 97 86 67 95 6 93 48 61 72 96 69 52 99 12 37 91 21 85 41 13 68 32 40 66 53 46 63 77 89 75 57 59 87 35 36 70 88 11 83 9 22 78 2 
TEST 64 ARG:38 89 28 55 78 61 19 24 99 13 22 52 18 66 94 32 91 37 74 25 17 49 92 59 35 20 77 41 16 64 15 76 98 30 5 60 39 26 3 36 69 44 73 81 43 80 65 48 1 12 97 23 50 33 62 86 0 47 56 96 27 34 8 63 90 67 85 9 14 40 71 72 88 42 79 82 84 93 51 45 53 2 54 10 29 58 95 7 57 75 70 83 68 87 6 21 11 4 46 31 
TEST 65 ARG:51 8 61 52 21 55 73 68 79 83 0 14 26 33 15 12 62 2 9 5 70 69 75 66 32 38 22 84 97 20 50 36 98 18 4 34 46 54 74 87 88 25 23 89 11 65 41 96 78 85 59 45 7 24 99 57 27 13 19 71 3 31 42 67 10 47 39 93 58 1 48 64 72 92 16 30 77 86 28 17 53 35 94 37 81 82 43 56 40 76 95 90 63 49 91 44 29 60 6 80 
TEST 66 ARG:72 96 16 3 92 4 24 41 7 27 59 62 22 69 70 81 48 50 73 26 39 95 91 17 30 78 71 82 98 89 18 55 1 53 66 99 65 14 63 77 33 45 83 74 86 64 37 79 90 42 32 58 85 21 0 25 87 29 38 51 75 46 44 61 11 12 19 28 97 6 13 80 88 76 35 60 20 93 56 5 49 36 23 67 2 8 54 10 43 34 15 31 40 9 68 57 94 47 84 52 
TEST 67 ARG:80 29 56 93 95 33 51 84 65 46 28 73 89 30 41 94 59 96 82 77 12 11 69 57 90 23 63 47 54 26 62 58 87 67 1 20 5 81 38 88 42 13 0 48 24 14 39 10 6 45 97 17 31 27 15 66 53 99 40 98 86 75 76 8 32 71 70 21 2 85 79 35 3 61 91 16 72 55 60 50 83 18 44 49 68 64 52 78 19 37 34 7 9 36 22 43 74 92 4 25 
TEST 68 ARG:22 69 89 12 72 31 28 62 55 86 85 53 98 52 70 36 61 47 10 30 66 45 39 41 25 7 8 92 16 26 81 82 77 96 74 33 19 49 34 48 0 2 40 67 9 1 42 80 64 95 11 56 46 24 18 43 5 79 3 14 54 27 21 76 32 13 60 73 78 58 6 91 50 15 20 44 51 68 99 4 29 97 88 23 38 35 75 71 63 90 59 87 37 93 57 65 83 94 17 84 
TEST 69 ARG:15 59 28 98 68 97 54 2 1 44 58 65 50 30 25 45 78 80 5 38 90 79 76 48 9 47 12 29 52 8 64 55 95 35 26 6 20 75 37 7 33 82 91 86 32 49 3 87 85 34 19 13 40 0 70 56 53 61 41 46 16 57 24 21 71 51 14 81 36 23 73 89 92 67 84 83 4 43 17 22 10 96 69 66 62 60 93 72 88 39 77 94 74 31 63 99 42 18 27 11 
TEST 70 ARG:87 26 21 3 45 14 55 23 79 93 0 12 1 34 35 24 31 13 49 85 78 82 52 15 90 20 57 16 60 43 95 18 19 86 22 59 10 88 76 42 30 38 53 75 47 50 27 48 6 73 84 94 72 69 28 2 92 63 97 56 77 83 46 96 8 71 61 66 36 4 91 54 44 62 70 51 29 80 7 65 89 67 40 5 11 9 25 99 58 32 74 64 33 41 17 81 68 98 37 39 
TEST 71 ARG:65 3 24 12 92 76 56 71 80 44 61 45 18 83 28 74 91 15 57 60 55 58 9 46 72 52 37 32 23 41 38 82 85 40 53 16 25 77 88 99 87 89 10 20 34 70 73 86 54 68 59 22 96 4 43 33 21 50 0 75 69 79 81 48 84 51 63 13 5 29 78 67 62 30 6 42 95 98 27 94 97 35 47 90 39 31 64 7 17 2 19 26 8 93 1 36 14 49 11 66 
TEST 72 ARG:45 15 17 32 46 53 5 56 1 31 71 28 93 94 19 43 11 47 30 12 76 95 3 26 87 81 0 70 27 7 50 35 96 21 77 90 79 6 36 22 24 83 10 89 52 68 16 91 73 88 48 86 63 40 4 75 42 66 82 14 72 67 85 64 58 18 51 33 61 38 2 25 59 34 60 29 8 41 39 9 57 49 97 55 23 98 65 74 37 44 80 78 54 92 69 99 13 84 20 62 
TEST 73 ARG:84 22 65 9 60 45 82 77 5 16 72 53 67 15 2 28 20 92 88 79 98 8 90 7 63 89 83 61 24 31 35 54 86 38 51 81 0 23 1 76 85 17 47 55 69 95 64 14 99 78 57 70 91 36 93 87 40 41 12 46 39 27 71 97 21 80 48 34 52 10 37 6 43 18 75 44 4 26 73 50 94 49 62 74 19 42 30 33 11 68 25 58 59 66 3 96 13 56 32 29 
TEST 74 ARG:75 64 91 34 60 28 90 48 79 36 2 89 1 66 98 39 83 69 19 12 59 41 68 85 84 49 54 57 26 30 40 3 70 47 73 4 21 11 63 93 45 33 86 44 97 5 23 14 95 78 15 82 10 50 72 0 74 18 13 56 32 62 42 76 46 43 53 16 55 17 35 51 22 87 29 6 38 24 25 80 9 58 7 65 52 94 27 92 37 8 71 20 99 96 88 77 81 61 67 31 
TEST 75 ARG:10 88 2 57 66 46 87 75 1 31 54 35 23 18 43 97 70 99 56 50 86 44 11 89 63 93 15 42 83 8 71 73 13 59 91 41 33 29 60 90 51 65 48 5 12 79 84 3 78 98 37 96 62 68 76 19 53 39 52 95 26 7 85 45 67 21 16 58 77 27 72 34 47 6 30 49 20 69 92 94 14 61 24 36 38 28 25 82 64 32 81 4 17 80 74 0 22 55 9 40 
TEST 76 ARG:28 67 51 89 45 34 96 77 37 91 80 98 94 50 20 81 25 57 23 78 9 99 86 48 97 13 85 19 4 26 36 10 1 62 63 56 70 2 88 8 64 69 24 72 38 92 87 49 71 31 17 32 46 66 74 41 33 73 11 15 35 40 5 47 75 29 3 68 54 12 0 30 60 95 6 52 79 82 84 44 55 90 59 18 16 39 83 58 76 42 7 21 93 22 14 27 53 65 43 61 
TEST 77 ARG:33 32 62 94 80 87 55 18 28 51 1 96 88 67 93 10 95 50 77 69 46 42 8 14 52 76 61 5 34 72 45 71 91 0 92 59 82 7 26 99 21 30 4 49 83 23 84 36 58 86 16 57 25 48 9 20 68 39 56 40 65 74 63 17 98 53 19 73 75 44 85 37 29 79 41 47 31 13 24 3 81 12 11 22 38 60 64 97 35 27 15 70 90 89 43 78 54 66 6 2 
TEST 78 ARG:22 13 20 52 1 56 72 10 91 39 0 48 63 77 44 88 97 92 42 95 64 85 5 83 89 58 78 25 18 27 26 32 14 87 46 30 16 11 74 79 31 82 94 38 57 35 75 23 12 54 53 40 4 62 71 69 90 65 61 9 55 29 21 41 33 76 43 36 93 45 47 70 99 2 80 15 98 34 28 17 96 49 37 68 60 7 84 8 73 86 51 6 81 3 59 66 24 19 50 67 
TEST 79 ARG:56 67 45 85 1 78 64 62 73 79 80 68 33 86 91 74 13 29 34 30 12 83 94 47 69 41 66 7 71 50 32 10 3 49 89 51 31 16 92 2 57 35 77 96 14 88 97 76 21 40 18 36 93 53 9 70 19 42 15 24 63 87 84 95 6 58 98 61 4 44 39 82 48 37 75 17 11 38 81 55 28 8 5 90 26 46 59 20 0 65 60 27 99 52 22 54 23 72 25 43 
TEST 80 ARG:25 50 41 97 51 56 35 62 74 52 34 80 2 63 4 67 18 92 3 99 73 9 85 32 6 61 36 65 39 33 14 46 72 68 83 66 64 89 21 40 59 48 60 49 1 13 55 31 26 69 86 17 43 7 82 84 90 77 94 81 20 78 23 0 96 57 27 88 98 15 71 37 75 22 12 76 10 95 8 24 79 70 87 30 28 19 53 16 29 42 5 54 93 38 91 47 11 58 45 44 
TEST 81 ARG:31 20 69 42 73 77 51 89 45 46 8 22 48 54 80 72 1 27 41 47 70 11 7 14 99 98 15 52 44 0 75 61 83 68 49 58 63 21 84 64 95 56 30 55 9 34 28 6 78 96 38 12 88 53 97 59 50 90 24 35 66 82 39 87 37 86 92 67 2 4 3 81 85 93 16 36 5 25 10 33 91 23 26 17 60 79 19 76 40 71 13 57 65 43 18 62 29 74 94 32 
TEST 82 ARG:68 87 28 59 32 43 61 70 8 31 66 49 89 42 93 55 63 78 16 0 52 1 67 18 2 74 19 41 95 75 7 33 50 47 86 46 17 27 45 97 65 6 79 69 72 12 35 76 73 54 53 23 94 48 98 62 77 82 29 11 25 24 37 40 34 80 56 9 64 83 84 13 22 71 21 14 38 88 90 81 20 30 57 51 99 5 15 3 96 85 36 58 44 4 39 10 91 92 26 60 
TEST 83 ARG:64 46 32 66 58 95 3 45 37 12 21 11 55 70 8 71 78 40 23 36 26 47 75 74 72 31 35 99 61 43 30 1 6 28 52 93 41 0 15 39 82 96 87 19 7 76 33 90 62 94 89 29 84 42 4 13 60 49 63 92 59 18 88 65 17 91 9 77 38 10 81 51 73 54 34 50 25 27 68 16 80 20 2 69 5 22 56 83 48 98 14 44 24 79 86 57 85 97 53 67 
TEST 84 ARG:58 26 0 38 8 65 64 78 4 97 32 49 98 79 70 76 39 12 30 25 42 62 96 2 10 69 37 9 16 56 7 95 73 89 41 94 28 53 54 6 72 61 92 88 22 75 57 23 21 91 68 86 63 93 15 35 80 3 59 43 67 82 13 50 1 66 33 60 29 45 87 77 36 27 83 5 20 19 31 46 44 17 52 14 34 40 99 55 51 74 90 24 71 11 18 47 81 84 85 48 
TEST 85 ARG:27 30 71 7 75 92 90 76 42 53 50 73 82 80 33 2 89 81 63 23 0 34 28 58 91 10 25 99 94 11 47 38 83 32 78 95 15 61 21 70 84 68 26 77 1 85 48 62 57 18 93 54 40 3 59 88 12 17 20 55 72 19 39 49 9 67 86 65 87 96 69 44 46 74 56 14 29 35 98 52 22 43 5 36 45 64 41 37 13 66 6 8 31 16 60 97 51 4 79 24 
TEST 86 ARG:1 94 96 69 86 0 82 5 63 41 66 26 36 64 53 88 6 18 54 79 70 17 47 25 61 76 81 46 98 75 43 12 99 29 84 4 7 38 65 35 2 97 57 74 24 78 39 13 44 23 71 48 83 58 31 59 34 93 8 20 16 37 10 72 87 68 32 55 42 51 9 56 3 92 77 15 40 33 52 80 30 19 27 89 91 90 11 62 14 95 21 73 49 22 85 60 67 50 45 28 
TEST 87 ARG:93 75 38 1 10 92 6 89 15 59 90 11 43 14 24 23 22 13 18 21 26 74 87 29 49 50 7 40 70 97 94 66 85 33 42 35 60 67 91 45 8 47 32 77 84 36 56 2 95 82 53 81 12 4 99 61 17 54 30 76 80 27 78 73 16 79 88 28 9 31 20 51 44 55 39 57 52 96 98 83 19 37 68 25 41 3 58 71 62 63 5 69 86 0 34 72 65 46 48 64 
TEST 88 ARG:3 33 81 46 87 95 77 64 62 92 48 88 52 89 63 90 29 9 41 10 54 76 47 0 30 13 22 21 35 27 73 60 68 37 31 2 49 20 8 26 17 32 40 55 42 25 83 15 18 51 82 4 67 36 66 23 72 71 57 84 91 69 79 74 94 12 44 65 28 56 96 61 6 53 38 1 93 34 50 24 5 39 11 78 16 70 59 98 75 97 43 80 58 14 19 85 7 45 86 99 
TEST 89 ARG:87 3 46 1 88 70 29 5 98 13 72 54 94 89 59 66 0 21 78 14 49 83 85 56 65 77 96 34 95 69 40 25 37 41 28 90 15 53 26 8 68 7 17 19 22 33 71 86 63 35 97 74 79 82 92 61 10 76 57 30 80 60 27 9 73 38 75 32 45 99 93 12 62 81 64 43 52 91 20 31 23 50 4 44 6 51 2 11 16 55 42 67 48 84 58 39 47 36 24 18 
TEST 90 ARG:27 41 29 47 79 19 32 13 52 30 24 51 11 39 74 56 14 91 44 68 33 57 8 96 58 9 87 54 92 81 89 66 36 59 45 75 21 80 62 22 49 40 82 55 23 26 64 83 50 7 72 98 12 46 15 18 94 78 65 88 16 6 48 70 4 3 90 60 93 76 77 63 38 61 37 28 43 42 67 17 5 0 25 2 73 31 95 86 34 85 20 97 10 1 99 53 35 69 84 71 
TEST 91 ARG:96 38 2 45 34 83 11 65 14 4 88 48 57 56 76 3 72 17 26 23 70 54 36 66 97 21 1 63 67 94 10 77 95 27 74 64 98 16 84 62 85 55 29 33 41 15 81 52 51 69 58 18 80 39 40 71 35 47 22 49 91 19 82 61 44 9 90 79 92 73 7 12 8 0 50 42 78 68 93 28 43 86 99 5 75 20 59 37 31 6 13 46 89 30 87 53 60 24 25 32 
TEST 92 ARG:6 18 43 77 10 12 93 37 42 30 99 89 78 55 72 33 69 86 26 47 59 88 39 66 63 7 53 68 96 8 54 9 23 48 90 5 14 0 3 73 97 56 32 74 4 67 41 84 94 11 91 65 45 92 19 60 31 15 76 51 49 36 58 87 20 70 2 57 95 75 16 46 82 52 98 85 28 17 61 25 27 50 62 71 83 29 34 81 1 64 13 24 79 44 35 80 38 40 22 21 
TEST 93 ARG:84 44 56 97 1 29 72 78 98 43 20 12 51 83 86 30 82 31 42 18 62 75 79 57 91 58 63 32 74 10 85 73 53 67 55 26 40 49 13 14 15 90 88 69 21 33 11 92 2 3 27 4 68 95 89 41 47 28 77 16 48 76 81 37 17 94 87 34 38 60 65 8 7 61 35 93 50 99 66 9 71 70 25 23 52 80 64 36 6 24 39 59 46 19 96 45 5 54 0 22 
TEST 94 ARG:2 70 72 20 94 77 41 73 58 32 27 55 67 36 31 6 23 17 76 7 78 60 83 1 97 89 45 66 13 79 46 19 3 90 64 71 33 35 93 43 62 34 4 44 74 92 28 40 98 11 86 49 65 57 25 16 84 37 88 95 61 14 29 48 85 56 82 50 96 59 10 18 68 9 91 47 0 24 80 8 39 22 54 51 69 75 42 12 30 99 53 5 15 87 26 52 81 21 38 63 
TEST 95 ARG:19 26 39 41 89 17 63 0 24 23 65 87 43 1 57 11 94 7 80 56 86 93 99 12 79 3 2 84 73 35 97 52 34 98 29 46 90 96 38 14 13 69 25 33 5 72 76 20 62 49 42 67 70 82 85 28 75 40 68 10 8 64 61 66 50 47 74 16 51 55 6 21 54 81 48 22 36 92 60 78 30 4 95 27 71 91 44 31 9 32 83 77 45 18 15 37 58 59 88 53 
TEST 96 ARG:60 81 34 74 63 89 71 10 99 90 12 42 94 21 41 86 80 29 61 25 20 48 58 78 69 72 44 82 91 26 37 51 97 88 30 14 40 0 23 4 57 36 64 9 35 18 46 11 68 3 59 45 39 19 16 2 28 62 79 49 22 98 70 31 17 24 27 6 5 95 47 87 76 56 52 38 1 84 93 53 32 66 92 96 83 55 7 77 85 54 67 8 75 73 15 43 13 33 65 50 
TEST 97 ARG:24 54 40 91 64 76 99 95 46 33 39 60 44 18 69 73 82 30 57 5 12 55 53 29 72 67 23 8 97 45 90 83 52 84 34 70 77 32 20 6 93 87 89 74 43 68 92 79 71 17 21 61 85 56 4 66 3 49 14 50 81 7 86 96 48 19 58 80 42 16 78 2 1 15 94 62 47 41 37 10 38 31 28 75 22 98 27 65 26 11 51 0 13 88 25 35 9 59 63 36 
TEST 98 ARG:98 5 26 87 9 41 18 86 69 3 35 50 80 70 85 47 71 58 33 67 57 2 16 96 59 81 27 8 20 17 43 49 7 56 37 64 40 30 63 45 88 53 48 61 23 99 38 46 34 66 77 24 73 91 55 42 62 13 94 60 21 89 4 54 15 84 93 90 28 83 10 68 92 72 36 31 32 44 14 12 25 29 78 6 0 79 19 65 76 74 82 95 1 52 75 11 97 22 39 51 
TEST 99 ARG:76 41 52 24 96 89 83 4 87 85 25 9 72 61 44 18 59 71 58 48 23 40 50 86 34 3 94 73 45 35 21 90 29 42 81 47 57 92 70 80 17 77 36 49 27 12 88 53 56 63 26 67 91 66 43 51 69 65 13 93 16 64 2 55 14 19 37 11 54 6 75 30 20 39 60 46 0 79 62 5 8 22 28 68 97 33 7 10 32 78 82 99 74 98 84 31 95 15 1 38 
TEST 100 ARG:11 17 47 39 67 61 38 84 16 92 5 50 36 22 85 25 83 65 27 77 48 30 71 74 99 4 56 0 66 28 24 34 29 31 42 98 1 68 51 13 21 54 20 46 45 41 33 26 44 32 97 70 95 23 86 91 12 40 94 88 63 80 8 37 58 59 18 90 82 73 57 3 81 10 96 89 49 76 55 87 6 62 69 14 9 60 15 7 78 2 93 64 35 79 19 72 52 75 53 43 
TEST 101 ARG:31 45 50 78 73 89 61 84 68 17 22 14 52 33 85 72 1 34 36 8 86 67 70 48 0 35 38 94 21 82 11 80 5 74 99 23 7 76 96 97 44 71 40 95 91 46 29 69 87 6 26 41 79 56 65 59 88 66 28 53 16 54 39 62 18 19 2 13 42 25 10 37 30 12 27 92 43 93 57 64 9 15 81 24 90 51 3 60 63 58 77 20 75 4 83 47 32 49 55 98 
TEST 102 ARG:47 3 75 31 82 38 27 5 28 18 1 80 15 37 9 69 0 53 89 4 71 94 45 48 96 44 97 85 95 40 62 39 42 26 29 32 74 93 67 11 70 60 64 19 66 20 61 23 2 76 88 33 6 59 22 84 87 81 30 86 92 73 58 79 10 49 25 36 91 17 68 16 55 72 98 51 46 43 7 13 34 56 14 12 77 24 90 57 54 41 99 83 65 50 21 35 78 52 8 63 
TEST 103 ARG:76 36 92 39 5 42 51 6 59 28 82 96 27 29 67 48 32 88 21 62 79 72 46 98 18 47 84 77 73 65 45 99 26 54 97 80 53 66 68 43 64 30 95 35 22 49 71 91 38 60 52 12 25 9 86 70 15 23 17 40 85 24 41 81 75 34 58 90 37 3 16 31 8 78 10 1 0 69 87 94 20 33 11 63 19 74 57 14 50 55 4 61 83 44 93 13 7 56 2 89 
TEST 104 ARG:22 69 19 59 48 83 31 40 95 75 57 7 60 52 29 24 8 1 27 15 85 11 79 32 97 99 63 0 71 56 21 55 53 3 38 51 9 91 61 87 42 28 26 74 76 37 58 10 96 80 64 78 20 47 68 46 89 6 49 36 17 86 25 67 34 41 66 43 54 23 16 14 98 44 82 77 65 92 94 90 5 12 70 35 45 50 81 4 2 84 72 62 39 30 13 73 33 93 18 88 
TEST 105 ARG:30 46 40 54 86 15 62 77 7 12 89 55 9 4 78 23 2 57 32 66 97 10 61 88 69 84 51 80 67 96 37 93 65 1 72 0 41 20 42 74 27 64 58 71 60 18 68 99 25 63 19 94 79 82 70 24 53 29 34 47 49 8 16 14 38 26 11 90 50 45 75 17 6 44 13 22 59 5 98 28 76 36 52 95 43 83 87 3 73 91 85 92 48 21 31 33 81 56 39 35 
TEST 106 ARG:30 63 5 73 61 82 85 76 47 6 66 24 26 88 81 67 40 97 48 23 42 28 36 68 95 25 92 2 35 49 46 59 13 96 87 84 72 62 8 17 32 38 10 34 50 1 77 89 14 98 74 99 15 20 57 71 37 91 53 79 45 33 41 55 65 9 4 94 21 11 27 86 52 83 64 19 0 39 69 3 16 70 22 31 44 7 93 12 18 43 80 75 54 78 56 58 60 29 51 90 
TEST 107 ARG:3 42 79 64 99 61 84 95 77 30 7 40 62 22 37 66 59 60 91 36 65 75 12 87 81 5 85 16 50 58 71 51 53 19 54 97 96 47 23 83 27 68 17 28 49 56 48 45 20 6 43 33 41 70 89 98 72 34 90 2 73 35 31 92 4 63 78 1 55 46 44 25 82 0 29 21 80 8 38 18 13 52 74 67 24 9 57 10 11 76 94 39 88 69 15 26 93 32 14 86 
TEST 108 ARG:68 26 90 58 83 78 48 52 43 7 39 2 4 76 10 87 19 66 79 36 59 80 9 38 71 85 86 32 44 25 99 29 31 3 62 11 94 30 63 65 41 14 8 45 60 27 69 28 21 12 40 91 18 77 13 57 23 47 56 73 93 17 82 98 64 70 37 88 51 74 55 49 1 50 22 92 95 53 34 16 24 81 97 0 35 5 67 6 96 42 33 75 61 46 54 72 84 15 20 89 
TEST 109 ARG:18 38 61 92 70 90 3 71 11 56 49 64 35 10 79 44 59 48 13 5 40 62 37 66 20 57 80 78 68 30 22 63 17 88 41 86 99 83 14 54 93 75 96 43 31 42 34 91 65 98 39 94 77 51 58 76 21 25 84 67 16 6 89 52 8 26 55 50 7 82 28 19 29 85 74 47 32 12 24 4 0 60 87 27 97 1 53 9 72 95 45 36 73 46 15 81 33 23 69 2 
TEST 110 ARG:23 78 36 9 63 83 76 60 39 54 75 22 57 35 92 19 15 64 89 29 95 52 18 81 31 71 14 38 66 72 1 40 61 8 33 25 58 53 32 65 68 12 62 91 94 24 45 3 67 11 6 48 74 90 79 86 93 97 30 49 85 17 10 42 2 20 0 4 5 21 13 77 73 87 44 84 47 34 51 46 88 56 70 26 55 27 82 69 80 50 59 96 16 7 43 99 41 28 37 98 
TEST 111 ARG:20 5 57 28 13 71 83 4 59 33 45 91 1 95 31 74 52 67 88 15 80 82 60 18 92 27 35 32 22 65 41 24 34 0 66 2 9 76 64 25 63 11 79 73 98 94 96 77 49 81 75 93 19 12 89 53 78 29 3 26 87 21 85 97 50 72 68 7 16 14 44 23 6 40 56 48 10 84 86 69 58 54 61 46 30 36 51 90 70 99 39 42 43 37 62 47 38 8 17 55 
TEST 112 ARG:48 94 57 17 13 39 77 3 40 35 59 80 36 30 93 9 29 41 15 69 95 14 85 16 68 49 23 81 21 98 71 38 99 28 11 42 84 10 82 92 70 79 90 72 27 50 67 66 60 24 58 12 37 62 25 88 51 0 97 78 53 55 45 8 87 73 44 26 5 75 74 7 31 1 89 43 33 18 32 96 86 83 91 61 34 19 4 47 56 63 2 46 22 20 65 52 54 76 64 6 
TEST 113 ARG:65 87 66 31 47 99 3 29 11 16 0 24 79 84 18 93 58 37 97 76 46 63 74 26 60 39 78 7 35 21 25 89 88 32 30 48 12 85 91 10 27 98 45 42 57 33 17 92 50 80 1 72 70 68 34 62 5 8 49 41 20 75 15 94 19 90 52 23 38 43 64 36 14 69 13 4 67 71 40 95 83 61 86 6 53 22 73 96 9 54 28 44 51 55 2 81 82 77 56 59 
TEST 114 ARG:52 26 25 35 41 39 15 61 30 28 13 78 79 22 65 42 37 62 98 56 89 29 40 1 0 97 86 2 63 18 92 51 58 70 75 94 80 99 33 69 84 5 38 11 74 77 10 59 57 47 23 6 96 43 60 32 9 19 3 64 85 48 66 71 45 20 55 81 67 46 49 87 4 14 36 53 34 90 54 76 24 93 21 73 91 7 88 31 44 83 27 16 72 95 50 12 17 8 68 82 
TEST 115 ARG:36 97 56 80 88 64 0 19 31 26 92 9 33 90 6 50 34 79 49 8 83 93 35 11 74 16 41 70 45 63 94 73 32 77 3 21 39 96 82 67 40 60 48 18 20 71 25 66 12 61 38 68 13 4 5 57 47 99 55 62 58 72 87 69 84 53 51 30 78 17 7 43 14 81 15 75 37 86 65 44 89 42 23 22 10 29 46 52 2 91 28 95 98 27 76 54 24 59 85 1 
TEST 116 ARG:47 24 44 28 10 73 37 2 35 48 9 1 52 6 36 84 56 83 4 57 16 62 27 79 98 3 45 82 54 46 85 13 61 97 78 72 89 18 66 12 40 51 70 93 34 11 29 75 49 58 96 19 23 68 60 71 25 17 43 32 91 50 77 88 0 67 90 20 22 63 99 95 86 42 76 81 5 55 21 74 87 14 39 94 53 59 33 26 30 41 15 64 80 65 92 31 7 8 38 69 
TEST 117 ARG:49 71 16 43 27 51 54 91 19 74 69 96 94 11 22 53 32 97 6 67 30 63 36 80 12 86 58 10 84 85 98 0 88 65 52 93 13 1 78 26 79 77 41 23 72 35 45 24 17 89 25 20 42 82 3 31 46 39 7 56 44 47 61 83 29 62 57 18 92 87 4 50 76 59 8 70 48 90 60 14 99 5 34 21 40 66 15 37 81 38 2 73 68 33 28 9 95 55 64 75 
TEST 118 ARG:34 24 88 48 78 47 60 33 98 36 15 9 80 27 91 11 95 2 92 18 7 59 43 44 37 85 20 14 32 46 21 66 52 45 70 19 84 6 67 54 96 74 63 64 0 93 40 83 13 29 23 25 77 87 68 10 49 61 41 94 4 55 73 28 57 69 8 16 51 3 71 62 72 42 75 82 89 35 5 1 38 97 90 86 31 58 17 81 22 39 53 12 30 56 65 76 99 50 26 79 
TEST 119 ARG:92 16 44 33 66 40 30 90 82 23 6 13 25 24 48 65 17 7 0 37 85 32 21 78 96 51 97 73 5 58 34 67 18 63 55 20 47 77 59 9 60 3 31 26 28 8 2 99 64 84 74 71 49 14 81 12 41 95 80 35 11 50 42 68 46 69 10 72 15 19 91 70 53 75 38 4 56 87 52 36 89 76 86 45 39 83 1 61 43 27 94 22 98 57 54 93 62 29 88 79 
TEST 119 ARG:92 16 44 33 66 40 30 90 82 23 6 13 25 24 48 65 17 7 0 37 85 32 21 78 96 51 97 73 5 58 34 67 18 63 55 20 47 77 59 9 60 3 31 26 28 8 2 99 64 84 74 71 49 14 81 12 41 95 80 35 11 50 42 68 46 69 10 72 15 19 91 70 53 75 38 4 56 87 52 36 89 76 86 45 39 83 1 61 43 27 94 22 98 57 54 93 62 29 88 79 
TEST 120 ARG:62 12 50 46 19 8 36 41 52 53 20 95 25 68 40 70 82 44 98 23 91 73 45 14 79 75 15 74 33 56 51 37 11 64 89 65 59 83 60 10 24 16 78 2 86 85 57 92 39 84 38 58 27 21 5 18 66 99 54 0 32 67 4 55 35 61 47 1 26 34 13 93 80 17 81 72 6 28 69 49 87 97 42 30 88 77 3 31 63 96 7 71 90 29 43 48 22 9 76 94 
TEST 121 ARG:63 98 34 16 88 18 92 73 83 8 14 27 85 60 28 51 67 65 59 30 35 5 97 12 69 19 90 75 48 82 49 74 50 33 72 40 79 68 70 57 61 3 55 41 62 95 96 54 15 7 20 84 44 66 53 99 21 38 36 46 76 29 9 6 43 32 81 25 89 1 22 17 31 94 42 71 91 13 0 45 78 64 10 86 2 37 87 39 56 11 24 52 80 58 77 23 93 26 47 4 
TEST 122 ARG:99 63 34 22 26 83 46 50 20 73 77 87 36 92 60 47 44 57 51 30 42 28 3 23 79 55 11 16 38 74 94 93 97 88 14 67 95 90 54 24 21 9 41 19 1 40 15 72 2 17 66 7 86 32 6 4 80 59 76 13 43 69 56 25 89 18 8 96 84 33 52 68 10 49 5 65 45 0 91 82 70 61 75 62 29 31 12 35 37 58 48 53 39 71 85 27 81 64 98 78 
TEST 123 ARG:36 39 35 46 24 45 23 66 57 17 86 16 25 19 73 43 91 29 60 47 62 5 31 95 6 78 56 88 72 67 22 58 0 75 82 26 53 64 65 15 1 20 85 30 98 96 71 97 27 2 68 61 7 77 32 14 93 34 41 74 3 69 50 83 55 87 94 89 79 33 59 90 9 37 54 49 48 80 70 51 11 92 40 10 13 28 18 81 21 12 76 44 38 4 63 8 52 99 42 84 
TEST 124 ARG:69 40 87 59 99 70 61 64 90 27 34 1 38 16 84 63 19 30 76 36 47 96 85 94 39 13 15 28 2 50 79 26 82 53 62 55 86 11 6 29 18 37 95 52 89 0 12 72 88 51 24 77 42 43 74 66 10 67 98 73 21 22 78 9 57 31 8 49 56 17 80 32 41 91 33 65 75 45 14 20 58 46 93 3 68 83 71 48 4 97 92 25 7 5 44 81 54 23 60 35 
TEST 125 ARG:55 83 9 70 82 19 91 6 8 53 31 44 81 7 84 60 93 59 37 25 73 2 68 75 76 89 71 79 23 66 67 65 16 26 28 97 35 78 96 45 88 80 11 51 32 30 57 14 12 40 95 21 54 90 36 39 5 72 98 17 27 85 74 22 15 49 33 94 64 61 34 86 62 43 52 42 87 50 0 3 4 41 47 20 13 1 58 77 63 38 46 29 56 48 99 10 18 92 69 24 
TEST 126 ARG:31 84 62 18 47 6 19 77 63 59 98 74 67 37 35 41 40 78 56 55 70 17 86 22 85 49 44 14 90 50 89 25 12 16 94 4 93 9 39 10 1 66 69 65 81 76 51 60 80 36 71 64 11 99 21 92 5 3 45 0 82 8 43 27 95 96 54 20 61 33 57 52 53 32 46 58 28 34 73 48 26 42 87 23 2 72 38 79 75 97 29 30 91 13 7 88 83 15 68 24 
TEST 127 ARG:24 36 81 49 77 95 91 99 1 55 28 12 57 33 46 34 73 31 47 7 22 80 17 54 94 63 52 19 69 20 13 8 89 14 35 26 4 61 98 43 74 38 41 3 48 0 45 40 56 76 25 70 79 93 27 84 37 64 11 59 88 83 71 5 85 30 82 44 75 10 86 58 67 66 78 65 29 92 23 16 21 39 6 18 97 90 9 62 51 68 50 15 53 42 32 60 2 87 72 96 
TEST 128 ARG:74 71 96 14 50 44 72 42 11 36 2 86 64 90 34 95 97 24 6 13 47 41 19 60 38 21 62 89 35 16 73 81 76 88 91 55 20 59 7 77 23 52 43 92 87 25 93 82 49 31 33 10 18 8 57 58 75 30 3 0 51 27 85 9 37 15 56 29 28 65 66 32 26 99 4 22 67 5 94 46 79 98 70 84 39 83 17 40 63 78 45 53 69 12 61 1 68 54 48 80 
TEST 129 ARG:48 96 54 27 69 25 50 83 43 32 17 56 15 79 92 12 49 65 98 44 5 39 3 23 36 53 35 86 70 16 99 51 82 1 60 89 64 34 6 52 7 55 66 31 80 75 20 93 76 84 14 63 67 85 30 47 0 59 13 21 2 97 33 72 41 62 45 71 58 37 8 40 4 77 22 68 78 9 29 88 91 10 18 73 95 19 74 46 94 57 81 26 90 38 11 28 24 87 61 42 
TEST 130 ARG:22 51 34 63 1 61 55 11 69 83 53 46 38 87 65 16 68 4 99 8 54 14 7 82 59 93 60 39 52 79 56 25 73 97 96 29 77 78 5 50 49 6 85 48 40 72 35 42 20 74 62 41 28 64 0 89 70 47 19 23 58 92 32 9 31 90 33 15 80 57 45 95 24 12 76 37 66 86 88 26 18 13 2 30 10 94 3 67 71 27 98 36 17 91 44 75 21 81 43 84 
TEST 131 ARG:26 49 6 51 78 50 55 10 24 23 83 59 67 40 74 48 2 84 22 76 57 34 1 66 31 60 28 43 96 14 21 54 29 75 18 33 72 4 32 5 77 42 79 86 3 61 53 62 87 95 65 89 82 69 52 92 45 19 25 8 17 93 58 70 88 7 11 20 44 97 37 85 81 27 38 47 35 36 9 80 71 94 0 99 90 68 73 91 16 63 15 39 30 64 13 12 98 41 56 46 
TEST 132 ARG:32 12 18 94 17 62 65 60 28 46 40 92 73 63 51 89 69 37 78 86 49 35 1 55 64 2 66 6 93 4 87 70 72 99 36 59 33 56 7 10 44 85 54 15 34 11 52 24 96 16 84 50 82 27 67 77 23 45 31 79 61 71 53 95 41 13 5 21 57 98 47 14 43 9 30 22 90 76 81 26 0 97 83 80 68 3 8 42 58 75 38 29 48 20 25 74 39 19 91 88 
TEST 133 ARG:56 9 25 61 82 54 97 0 81 62 71 66 99 1 51 12 40 98 34 19 63 27 92 83 30 79 43 93 58 45 84 4 95 89 67 87 53 20 18 96 85 75 90 23 46 64 48 13 69 72 29 44 73 80 15 41 57 86 68 3 10 14 31 36 94 7 91 16 59 33 78 26 50 60 70 65 32 24 55 38 47 11 74 35 49 8 5 6 2 22 52 17 28 88 77 76 42 21 39 37 
TEST 134 ARG:5 45 10 13 47 63 69 7 57 60 78 74 34 75 39 19 64 51 14 68 96 97 15 91 37 25 28 56 70 30 12 29 21 83 31 99 50 54 32 16 36 35 24 18 8 67 1 87 52 62 6 2 53 81 95 98 9 85 40 4 80 20 11 49 92 89 76 55 26 44 48 43 46 84 33 88 27 77 0 71 72 82 94 61 58 66 93 42 3 79 65 86 23 22 59 73 38 17 41 90 
TEST 135 ARG:68 83 10 70 18 8 56 94 38 33 79 52 71 0 91 22 55 69 54 27 80 53 78 92 15 39 35 19 95 57 99 3 66 89 20 5 87 67 24 64 34 63 17 82 13 43 93 36 37 12 14 11 51 30 59 77 97 28 16 72 60 62 21 61 90 88 81 85 26 65 46 96 98 50 29 1 58 41 25 48 32 73 31 4 40 84 45 76 2 9 49 42 86 74 47 7 23 44 6 75 
TEST 136 ARG:22 34 20 4 18 72 59 0 50 60 35 80 29 28 52 7 63 38 77 89 87 32 68 65 84 92 9 95 75 74 27 44 17 98 30 6 94 90 64 78 96 53 66 2 67 57 79 1 58 31 26 14 56 51 62 33 3 36 47 11 85 48 55 86 97 25 39 23 88 73 10 43 99 69 54 37 82 91 16 70 5 76 93 12 13 15 45 49 61 46 42 19 71 24 41 83 8 40 81 21 
TEST 137 ARG:39 95 82 5 18 11 49 62 8 51 73 9 42 25 30 81 31 37 7 0 84 56 89 26 47 27 33 44 77 1 55 59 21 75 46 2 6 79 52 22 34 54 15 58 99 88 12 83 65 91 19 10 16 36 60 53 17 29 43 61 32 23 94 68 80 86 67 69 64 66 14 72 70 40 87 74 35 28 50 4 90 13 41 85 20 98 57 38 96 24 48 3 71 97 63 78 45 92 93 76 
TEST 138 ARG:6 42 93 99 10 50 30 78 25 72 75 61 57 51 38 37 92 23 18 13 34 59 11 79 2 39 17 66 97 95 87 22 91 20 32 40 19 98 86 70 0 76 67 55 35 14 60 82 54 48 58 85 71 7 45 68 15 53 3 16 21 44 65 33 4 84 26 89 88 24 29 94 1 64 83 36 69 49 9 90 96 27 31 43 81 52 12 56 80 62 46 28 8 47 63 41 77 73 5 74 
TEST 139 ARG:13 89 66 40 36 21 67 58 11 6 19 75 50 97 5 77 51 57 55 81 68 60 25 41 2 71 1 12 34 93 15 28 24 14 56 44 96 76 33 87 7 18 53 16 54 61 91 69 22 70 42 20 45 38 49 90 29 85 26 43 35 78 80 92 74 86 65 10 39 3 98 46 82 94 23 59 72 30 8 83 73 31 62 37 48 47 4 95 79 32 64 27 9 99 17 88 52 84 63 0 
TEST 140 ARG:79 16 45 67 30 13 92 89 77 23 88 83 8 47 96 29 65 0 93 20 41 95 44 74 60 35 97 54 12 94 53 63 15 51 87 64 68 82 4 86 70 81 24 52 71 98 90 17 38 10 36 21 9 31 14 61 50 28 34 85 91 5 75 58 3 66 69 46 78 49 48 26 19 18 32 57 11 27 42 84 59 76 7 43 55 73 25 2 99 62 33 72 56 80 6 1 39 37 40 22 
TEST 141 ARG:50 37 92 20 65 0 11 58 90 25 88 8 31 99 44 1 75 16 79 62 36 68 14 42 41 19 9 87 93 33 24 80 13 82 73 3 22 98 60 39 78 57 28 70 53 45 48 7 54 94 38 51 83 18 17 12 71 30 97 40 84 47 21 56 23 55 72 29 69 10 63 64 4 67 74 95 27 52 77 43 85 76 34 59 89 5 2 96 61 15 86 49 81 35 26 46 66 6 32 91 
TEST 142 ARG:7 10 31 56 4 95 86 84 67 68 8 24 93 17 81 25 69 26 47 38 9 88 44 6 78 57 22 33 5 85 89 0 23 90 41 65 62 15 29 19 52 50 73 63 98 94 74 92 77 55 42 79 39 3 58 30 1 14 43 71 87 48 12 99 76 13 59 20 96 40 97 11 2 54 82 80 37 21 35 75 51 49 72 91 45 34 16 61 66 53 60 28 83 46 32 36 64 70 18 27 
TEST 143 ARG:15 93 1 13 51 24 67 62 74 84 77 23 73 89 6 42 83 14 38 82 36 26 65 96 94 8 68 39 12 19 76 35 30 57 7 21 70 61 43 40 47 87 64 28 59 79 80 75 31 34 85 92 18 54 29 69 71 22 16 2 63 50 37 99 9 44 98 27 4 33 90 60 56 52 32 58 97 11 25 45 86 55 95 91 53 20 41 5 78 48 10 46 17 3 88 49 72 0 66 81 
TEST 144 ARG:89 26 62 21 38 65 67 63 56 25 50 4 82 94 6 28 90 24 58 71 83 52 2 34 51 27 44 87 10 88 96 14 47 43 15 32 80 5 64 74 95 19 3 73 77 93 81 41 69 79 23 70 33 59 45 91 12 40 42 7 61 60 72 35 9 37 30 20 1 86 78 54 18 48 29 0 11 92 75 76 39 99 16 57 49 68 8 17 84 66 46 98 36 53 97 31 55 22 13 85 
TEST 145 ARG:9 41 11 78 17 47 94 64 49 56 72 39 98 27 95 37 38 10 58 34 57 65 46 8 59 45 19 12 15 87 40 96 55 7 20 31 35 33 74 86 28 29 60 67 18 54 77 79 51 90 84 14 2 92 1 81 97 21 91 36 3 43 82 76 24 66 73 62 83 0 25 4 53 80 89 85 88 30 22 93 32 63 5 48 44 16 52 69 68 13 75 71 42 23 99 61 6 70 50 26 
TEST 146 ARG:91 69 47 60 78 81 18 99 70 55 35 27 10 84 65 1 12 30 58 29 36 85 5 71 80 25 46 72 95 98 87 83 37 97 76 51 89 52 19 68 11 6 45 24 4 0 54 92 41 90 31 32 77 20 15 48 86 38 66 79 7 23 61 3 96 21 26 57 16 44 49 28 53 75 59 42 82 13 40 33 67 63 22 2 93 8 88 34 73 43 39 62 64 50 14 74 56 94 17 9 
TEST 147 ARG:43 84 63 90 83 73 45 40 60 44 75 70 46 19 42 21 22 24 29 14 38 20 72 51 98 97 76 23 41 99 5 10 47 54 3 12 77 79 0 94 1 69 17 27 58 78 81 53 16 57 26 9 95 11 30 91 65 67 2 61 15 55 92 66 7 88 36 85 87 56 18 48 50 49 52 33 39 74 59 89 80 96 37 28 64 31 25 32 86 4 62 71 6 93 68 34 35 13 8 82 
TEST 148 ARG:86 70 34 80 62 13 38 74 99 26 24 98 83 51 94 32 88 55 27 45 41 54 75 42 65 89 39 15 95 71 6 46 49 4 58 12 0 52 43 57 17 85 10 8 67 53 11 37 18 81 20 72 44 40 2 93 21 56 82 47 96 36 23 28 33 69 1 90 50 76 9 97 92 30 14 25 22 59 84 64 31 79 7 63 61 91 78 73 29 87 77 3 16 5 35 66 68 19 60 48 
TEST 149 ARG:11 95 36 97 81 83 73 2 92 75 78 33 89 54 87 47 30 91 34 93 1 18 22 9 55 17 25 85 42 79 80 8 6 40 0 45 37 35 68 24 58 60 26 48 72 96 66 29 43 88 56 21 27 31 67 69 19 57 15 44 41 52 65 13 10 5 3 46 16 49 94 28 14 4 90 20 53 23 70 76 71 61 50 84 51 82 98 62 7 64 32 99 86 39 63 77 59 38 74 12 
TEST 150 ARG:63 36 19 97 61 77 60 3 44 74 82 54 41 4 28 17 53 5 40 86 13 12 42 55 47 90 64 85 23 1 14 69 66 50 32 34 35 29 22 59 6 95 25 11 65 30 70 26 33 2 15 52 68 7 72 79 45 0 51 24 16 94 43 89 10 84 18 92 20 71 39 78 62 46 98 93 96 81 8 38 37 9 73 83 67 57 27 88 48 80 31 21 49 87 91 99 58 75 56 76 
TEST 151 ARG:59 36 26 91 8 64 12 24 89 51 47 35 62 72 15 48 1 10 96 29 33 83 87 22 68 69 39 30 65 25 2 11 3 13 76 49 79 90 4 5 85 6 19 14 80 77 16 9 38 74 46 54 86 55 67 56 58 88 82 81 7 20 42 70 75 41 28 53 98 43 17 60 95 21 78 40 92 73 66 84 27 57 61 23 52 99 31 32 63 18 93 34 97 71 37 44 0 50 45 94 
TEST 152 ARG:78 25 14 11 42 77 67 38 20 2 43 17 98 5 92 54 85 93 90 32 50 24 16 97 35 59 88 65 9 10 99 84 72 40 6 1 37 89 44 74 91 30 23 64 61 80 82 83 47 28 75 0 94 68 96 13 70 12 18 39 49 63 95 19 53 76 29 62 45 52 36 22 87 55 58 41 8 7 4 3 56 34 60 69 79 66 33 71 81 31 26 15 51 46 57 48 73 21 27 86 
TEST 153 ARG:93 43 73 71 28 82 18 96 15 81 16 88 12 56 23 55 75 72 57 36 61 47 51 44 8 33 39 14 13 86 42 76 49 32 60 17 59 78 83 30 40 19 6 25 27 80 58 21 54 99 65 64 26 24 10 46 94 62 79 41 2 91 89 1 97 4 5 29 68 34 70 74 69 63 92 85 66 53 9 95 3 22 48 7 67 20 31 35 37 50 11 0 87 45 77 84 90 52 98 38 
TEST 154 ARG:22 94 18 13 88 24 29 61 68 41 66 75 20 44 57 35 42 48 10 82 15 93 33 46 26 30 25 5 49 9 7 67 98 85 73 80 14 43 59 56 72 37 47 91 55 27 8 28 63 90 31 86 11 17 96 87 70 12 38 76 2 51 99 89 23 65 78 40 52 79 84 77 62 60 19 64 1 32 53 69 54 74 71 97 6 92 81 50 83 34 39 4 45 58 36 3 95 0 21 16 
TEST 155 ARG:55 60 44 94 92 5 54 21 27 67 97 14 95 4 59 83 2 56 80 10 22 31 66 61 81 69 64 62 68 47 34 91 18 87 75 25 99 70 48 82 35 45 24 0 63 90 79 85 41 23 29 8 33 89 38 42 73 1 15 52 9 43 96 40 11 93 98 6 36 65 17 37 71 53 84 46 51 72 19 28 13 3 39 86 78 12 20 16 76 32 58 77 26 57 74 49 50 88 7 30 
TEST 156 ARG:29 99 67 20 51 40 38 9 7 92 44 86 27 96 53 22 50 49 46 32 97 11 63 76 83 17 59 24 89 12 31 84 73 15 61 55 4 37 33 43 75 34 56 14 77 41 30 94 5 23 87 6 88 16 68 85 19 93 45 54 66 71 35 25 79 18 21 72 52 3 62 39 70 26 81 98 0 57 48 2 78 60 65 82 36 28 90 47 91 69 80 64 42 1 95 13 10 74 58 8 
TEST 157 ARG:43 80 87 85 48 56 25 60 47 20 40 82 27 7 38 10 75 94 91 0 81 89 41 22 69 52 95 3 19 14 32 54 44 72 16 76 92 42 73 30 45 79 68 35 53 49 97 4 59 12 61 46 13 31 17 58 28 77 34 86 23 66 6 21 70 15 18 5 88 8 99 98 26 1 55 71 74 78 62 67 57 37 9 93 33 65 84 11 24 2 90 39 64 29 51 96 50 63 36 83 
TEST 158 ARG:31 87 72 24 57 61 34 78 3 29 11 85 96 80 75 51 83 0 13 8 65 44 94 41 62 66 58 21 64 92 95 99 76 12 54 79 18 97 32 74 89 19 7 17 81 56 4 91 33 53 28 25 23 49 84 26 15 69 35 67 63 9 22 59 47 42 5 52 36 77 40 46 37 98 43 38 68 2 50 82 90 55 70 20 30 86 48 93 6 60 45 73 71 16 10 88 1 27 39 14 
TEST 159 ARG:52 74 10 65 15 17 8 73 71 5 47 21 93 54 72 16 63 12 97 90 29 23 39 49 25 48 9 59 96 45 87 22 33 32 98 24 86 44 34 53 62 35 55 69 4 50 36 31 80 14 81 89 2 6 42 85 20 3 60 0 11 26 43 70 83 38 30 67 99 77 28 37 78 1 68 66 56 92 7 88 94 75 76 64 61 40 46 84 79 27 18 51 58 19 95 91 13 41 82 57 
TEST 160 ARG:68 82 98 3 12 87 8 1 2 94 66 81 21 71 38 22 43 25 97 35 95 47 46 54 40 65 34 30 5 45 85 63 93 91 19 57 69 73 16 64 76 53 67 23 27 90 60 31 55 26 39 33 44 50 80 13 56 29 72 78 10 14 41 75 88 92 0 20 99 59 51 61 62 37 86 96 70 52 32 17 77 58 9 84 15 24 83 28 79 18 7 42 74 89 6 11 48 36 4 49 
TEST 161 ARG:57 7 36 27 43 53 35 2 86 8 21 54 58 84 34 30 32 61 41 88 80 44 10 56 46 76 33 24 5 90 40 89 14 26 15 12 66 81 47 87 31 72 13 59 4 45 48 67 11 74 64 16 19 3 1 62 95 60 65 83 42 22 23 75 49 77 82 50 98 38 39 63 9 17 70 29 97 18 69 79 99 6 55 91 28 51 25 96 37 0 85 71 20 93 68 92 52 94 73 78 
TEST 162 ARG:20 42 91 5 68 24 70 82 65 81 88 4 96 73 87 51 14 34 93 75 10 83 16 12 27 78 60 8 41 44 15 48 58 21 77 53 2 31 55 30 0 43 80 36 33 22 99 63 45 97 25 54 39 13 1 67 32 94 85 23 64 92 40 86 26 57 35 62 11 6 90 95 38 50 76 7 84 61 9 28 17 47 56 19 79 66 18 29 3 49 98 37 72 69 59 46 89 52 71 74 
TEST 163 ARG:76 27 87 39 91 96 61 72 77 82 50 97 86 71 11 74 16 58 15 46 36 0 45 19 52 23 35 65 37 31 30 25 8 6 70 9 92 22 64 17 1 51 94 42 43 33 21 99 14 78 85 59 81 49 55 3 41 80 63 88 67 83 62 44 2 40 28 10 5 4 13 69 75 29 34 56 66 38 24 32 54 47 57 26 84 93 53 7 48 68 20 12 73 98 79 18 90 89 60 95 
TEST 164 ARG:4 65 64 6 53 0 95 78 62 22 21 36 19 87 50 26 75 18 15 69 51 40 39 88 7 57 52 23 84 59 31 46 8 60 1 71 10 49 27 33 41 35 79 54 25 13 11 85 66 56 44 94 20 12 91 43 38 30 34 72 96 67 92 28 81 9 55 3 63 24 16 86 68 76 5 17 74 82 70 77 73 58 61 80 47 37 97 42 89 99 93 14 29 32 45 48 98 2 90 83 
TEST 165 ARG:31 52 48 97 83 32 40 55 85 99 29 0 80 64 12 41 15 2 46 18 63 76 49 60 14 37 5 69 62 66 84 33 23 10 7 8 61 24 22 89 3 78 75 96 47 98 79 9 25 65 74 44 53 36 45 90 51 50 16 30 27 70 20 82 13 77 87 38 11 6 42 39 21 43 19 91 73 58 26 92 88 95 86 28 68 72 93 57 94 4 56 54 71 1 34 17 67 59 35 81 
TEST 166 ARG:6 31 26 68 40 97 16 86 57 21 15 83 10 73 88 94 24 59 56 60 66 45 47 69 99 5 49 19 43 70 87 17 67 14 29 58 30 71 4 98 38 54 12 75 33 7 3 61 90 11 62 13 92 44 55 78 23 46 65 81 18 79 53 84 25 82 64 50 28 96 32 76 41 2 91 9 42 35 37 77 74 8 95 89 72 22 48 1 27 85 34 36 52 93 39 80 20 63 51 0 
TEST 167 ARG:90 32 87 45 89 84 18 38 34 86 19 37 82 20 44 63 59 81 62 12 85 64 24 75 50 5 54 35 29 2 68 33 60 3 61 41 95 52 13 31 76 42 43 21 27 98 30 28 69 22 51 10 8 25 36 26 93 39 78 77 74 4 67 17 14 66 16 55 1 0 97 48 40 47 56 65 58 71 91 11 70 72 92 9 15 83 80 7 88 79 96 6 23 57 49 53 73 94 46 99 
TEST 168 ARG:66 23 34 37 94 14 64 81 77 12 13 30 63 86 31 9 28 80 53 4 87 42 39 36 71 54 47 29 98 21 68 0 78 32 61 10 45 25 27 75 62 19 95 48 70 6 17 90 3 83 50 93 22 73 99 55 49 46 16 96 8 79 91 38 33 2 69 84 56 43 72 67 24 85 11 59 35 74 44 52 5 20 76 97 92 51 1 15 40 57 41 26 60 65 88 82 89 7 58 18 
TEST 169 ARG:4 39 25 13 48 70 9 65 89 54 24 41 52 98 64 62 60 20 12 51 99 49 71 15 63 69 68 11 93 26 33 2 6 30 40 66 27 88 96 91 58 75 46 1 17 47 84 36 77 92 74 45 83 55 79 72 23 35 90 87 56 0 94 31 19 42 82 38 85 16 29 7 61 8 73 53 81 97 78 43 14 67 3 44 10 22 32 5 50 76 59 57 21 80 34 37 28 95 18 86 
TEST 170 ARG:97 24 5 31 71 57 62 14 38 85 98 76 21 86 16 8 1 81 48 88 29 39 36 63 60 6 2 69 82 78 42 55 32 40 23 22 0 10 75 35 30 26 50 87 4 96 9 64 44 49 46 53 67 43 59 25 52 3 84 11 15 34 27 13 89 17 54 65 68 58 77 51 80 93 18 73 12 47 99 19 33 83 28 94 90 7 41 56 61 20 95 74 92 45 91 70 79 37 66 72 
TEST 171 ARG:63 77 91 58 50 69 96 3 83 17 43 68 19 47 56 37 1 73 15 11 41 8 90 92 97 52 76 22 34 64 38 31 18 27 57 32 28 60 85 48 6 75 35 49 74 16 99 30 4 40 87 23 82 20 88 14 2 39 94 24 46 36 26 80 7 0 89 53 45 44 55 9 70 66 98 13 5 93 33 29 12 78 71 81 67 25 61 21 65 95 54 59 51 79 42 84 62 10 86 72 
TEST 172 ARG:45 1 73 52 29 43 47 69 74 86 49 90 48 63 88 24 72 75 15 27 50 64 42 38 35 91 0 77 82 67 65 12 33 97 93 8 36 13 7 40 6 31 34 46 95 87 71 2 28 21 9 76 60 16 62 70 44 51 99 4 17 55 94 11 10 3 96 32 68 26 53 61 85 92 20 57 79 14 83 19 59 25 98 23 5 81 78 39 84 18 22 37 80 41 58 89 56 54 30 66 
TEST 173 ARG:85 98 66 42 87 19 32 68 65 11 34 92 56 77 84 30 94 75 55 61 62 57 12 52 35 8 47 69 88 27 28 73 83 70 71 96 82 14 0 9 74 81 89 59 67 16 2 90 7 80 60 24 29 4 95 64 45 17 76 25 46 93 43 21 44 97 40 39 36 58 49 54 3 22 41 23 86 72 63 51 10 26 5 91 50 15 1 53 33 31 99 37 18 13 38 78 6 48 20 79 
TEST 174 ARG:17 67 96 69 4 82 52 47 43 88 19 64 42 71 46 81 48 66 16 84 97 30 75 61 60 53 15 99 90 40 89 51 25 86 9 27 5 65 49 91 22 85 13 36 95 62 39 37 31 23 55 2 0 74 7 57 76 72 63 80 3 58 26 44 14 21 28 79 50 1 92 18 93 33 41 12 20 29 87 56 10 35 54 59 32 34 98 38 70 77 24 8 6 73 68 78 11 83 94 45 
TEST 175 ARG:75 37 52 8 65 29 46 54 99 7 9 60 84 92 40 97 49 19 76 35 77 45 47 16 5 50 42 80 90 79 39 69 67 11 82 38 72 10 1 66 12 48 96 2 63 36 88 57 32 93 3 34 85 53 68 17 44 15 95 73 86 26 94 0 70 91 62 87 81 59 74 78 28 55 4 71 30 61 14 41 51 56 18 31 33 43 22 21 89 24 98 58 6 20 64 23 13 25 27 83 
TEST 176 ARG:7 92 87 52 19 41 59 54 79 20 46 3 18 35 27 13 21 73 95 67 37 57 49 23 4 53 56 94 28 70 62 34 15 86 32 78 2 36 60 45 0 25 5 14 85 84 97 42 12 30 47 51 8 74 55 1 29 77 72 24 91 40 39 64 99 22 58 61 80 17 69 82 65 48 26 66 43 83 96 98 71 44 93 76 89 38 81 10 33 31 88 9 50 63 11 90 16 68 6 75 
TEST 177 ARG:59 90 31 36 13 79 74 10 73 98 4 96 32 26 0 27 93 48 65 37 55 94 20 87 81 25 76 22 50 53 95 8 3 24 46 54 83 66 41 61 77 88 69 1 92 75 84 21 86 45 49 38 28 71 35 40 51 52 67 58 57 2 12 89 72 6 16 5 56 18 97 34 39 63 62 30 43 7 99 60 44 64 47 85 70 33 29 82 17 68 78 80 42 19 23 91 15 11 9 14 
TEST 178 ARG:53 60 6 38 46 47 16 33 77 43 37 87 58 27 42 4 25 70 19 67 56 50 76 94 31 64 26 62 57 72 8 18 2 91 41 32 39 10 93 52 28 48 81 59 5 79 73 29 1 98 20 89 63 82 36 68 9 96 99 74 65 97 92 7 90 34 0 21 54 30 13 35 23 69 78 40 24 17 55 12 80 45 44 14 66 22 86 61 75 3 51 11 95 15 71 49 83 88 85 84 
TEST 179 ARG:83 43 97 53 15 51 7 85 68 93 28 29 19 61 74 88 25 79 37 52 22 90 3 17 44 98 58 14 59 62 31 72 5 34 75 21 71 12 63 76 86 45 23 55 48 89 84 77 80 91 81 66 87 57 64 46 8 67 13 33 78 41 10 24 92 54 82 9 16 18 30 73 38 60 56 11 69 40 27 49 70 32 50 20 47 1 95 6 94 42 65 2 96 0 39 35 26 36 99 4 
TEST 180 ARG:90 0 54 12 49 94 55 17 27 97 19 68 88 14 63 8 45 85 57 71 79 72 44 93 48 95 78 30 42 60 41 74 40 2 31 35 15 3 38 66 87 73 56 21 58 9 76 89 98 51 65 13 7 11 50 99 26 33 47 1 25 53 61 77 46 80 29 18 37 32 81 82 43 23 64 5 36 22 96 91 34 83 39 59 16 20 52 4 86 69 92 28 84 67 70 62 75 6 24 10 
TEST 181 ARG:76 86 14 66 99 93 18 75 36 40 15 59 33 56 10 6 47 96 88 24 51 9 17 62 26 35 53 30 92 25 13 37 7 98 16 60 1 68 97 89 69 38 54 64 43 11 84 95 4 63 48 74 57 72 23 67 2 8 49 31 32 19 41 77 85 50 82 90 21 0 12 70 80 42 94 29 79 78 45 46 52 73 81 91 28 55 61 34 5 39 65 3 83 71 22 58 87 27 44 20 
TEST 182 ARG:94 22 37 33 83 65 95 97 56 81 67 2 25 55 47 1 7 19 49 78 58 96 26 99 52 79 66 12 84 11 98 36 4 13 88 50 61 75 53 8 59 77 54 63 91 28 70 71 80 0 87 18 62 57 38 72 43 34 35 31 23 10 69 93 14 17 44 15 40 42 46 45 39 5 76 16 32 89 27 92 24 64 82 29 86 20 85 6 3 68 90 21 9 30 60 74 51 48 41 73 
TEST 183 ARG:73 7 21 88 12 9 94 27 4 59 25 96 15 62 98 66 54 11 60 77 72 58 69 50 57 8 6 56 33 16 43 30 29 44 46 49 22 28 68 38 89 71 53 91 10 45 0 70 85 93 90 64 55 5 52 75 65 74 61 13 17 41 83 82 24 18 20 95 40 42 63 32 26 39 97 78 67 92 87 51 19 23 31 35 84 3 1 34 14 48 86 79 76 2 47 81 99 37 36 80 
TEST 184 ARG:16 84 48 64 40 95 38 97 85 36 99 15 67 72 37 56 77 32 44 1 59 63 39 49 54 76 23 30 27 21 82 69 71 75 33 55 87 26 51 73 3 65 61 25 98 88 24 6 14 20 34 2 78 62 46 57 68 74 12 0 8 7 18 10 4 81 93 17 52 43 60 29 11 89 90 5 94 47 13 86 91 22 50 53 19 42 96 79 80 45 70 31 35 41 9 66 92 58 83 28 
TEST 185 ARG:32 84 3 77 75 83 64 65 62 86 87 36 41 25 58 50 78 70 10 43 6 30 53 40 63 0 60 51 92 39 46 96 18 7 79 31 61 45 88 33 1 66 11 95 73 76 55 28 47 19 57 9 4 37 12 90 59 71 13 49 56 54 38 67 72 15 24 85 14 23 48 91 35 82 98 89 27 16 8 2 69 34 17 97 94 81 93 99 68 42 52 21 22 80 26 44 20 29 74 5 
TEST 186 ARG:25 70 68 11 65 0 9 19 16 42 64 1 72 78 73 69 20 81 33 57 35 95 29 94 80 14 8 90 40 63 31 56 17 97 28 22 23 48 77 36 84 74 83 49 87 45 82 10 46 91 37 98 18 12 44 50 4 53 62 75 3 67 41 2 27 58 38 5 93 79 85 21 92 15 26 60 55 54 24 47 61 96 86 7 88 66 89 13 43 51 99 59 32 39 52 71 6 30 34 76 
TEST 187 ARG:43 16 47 91 93 7 90 15 23 83 2 22 95 45 42 87 62 39 0 59 9 65 71 41 92 18 94 73 49 77 12 11 8 21 72 5 17 3 20 80 75 48 34 64 89 44 36 79 55 6 86 81 60 76 24 14 51 67 35 57 46 27 82 63 68 54 53 28 78 37 25 32 61 33 26 19 56 66 38 74 69 88 58 52 96 10 4 84 98 30 31 99 85 50 40 1 97 70 13 29 
TEST 188 ARG:36 62 79 69 25 4 20 8 5 31 78 45 22 32 83 72 41 68 76 43 37 6 61 17 52 1 28 77 29 67 73 49 9 71 2 34 99 86 3 15 27 92 57 10 80 51 19 87 48 89 21 47 42 11 95 56 30 0 44 64 65 91 14 18 7 63 23 53 81 96 59 94 60 74 12 66 93 24 35 54 84 46 26 55 97 39 75 13 90 16 98 40 85 38 58 33 70 88 82 50 
TEST 189 ARG:0 96 28 47 40 13 63 98 62 18 16 50 24 59 32 44 37 21 34 8 66 71 88 36 46 78 56 10 3 17 42 54 35 85 1 64 20 73 4 23 82 77 6 14 58 84 30 61 83 15 49 89 76 97 99 25 45 93 11 48 52 9 38 55 60 94 29 33 79 41 87 75 67 5 95 39 12 19 53 72 26 43 86 92 80 81 74 70 22 68 91 7 31 27 51 2 57 90 65 69 
TEST 190 ARG:12 53 39 92 24 83 94 5 30 46 90 29 4 97 78 17 36 71 55 3 89 43 15 11 32 31 58 52 98 84 96 8 54 91 61 77 51 68 56 7 64 67 41 13 66 99 2 18 0 35 6 76 81 20 49 85 34 9 23 74 47 73 93 50 48 38 25 79 22 62 27 72 10 59 69 65 70 80 88 26 33 42 63 95 14 19 37 16 60 21 44 40 28 75 82 1 86 57 45 87 
TEST 191 ARG:66 52 14 7 53 70 67 97 39 36 6 71 98 60 43 25 99 54 96 86 10 65 81 44 8 76 9 5 33 89 34 80 62 18 31 3 83 28 58 1 50 82 46 27 0 84 72 42 92 48 56 57 63 2 61 32 4 68 94 93 37 13 79 38 29 17 73 47 16 24 19 35 21 77 26 22 64 15 59 75 12 45 74 40 87 78 91 95 11 85 90 69 30 41 23 51 20 88 49 55 
TEST 192 ARG:82 96 37 44 13 25 58 94 12 88 24 4 34 33 29 7 91 99 65 49 84 36 0 81 60 98 17 64 23 78 10 51 62 30 75 32 38 27 63 70 3 69 28 95 45 6 42 66 46 15 8 43 39 20 59 5 68 22 86 16 1 80 83 18 41 57 19 21 72 85 40 56 53 93 48 9 61 14 79 11 26 55 74 50 71 67 31 2 97 92 54 47 52 73 76 87 89 77 90 35 
TEST 193 ARG:69 47 16 1 91 14 76 19 27 3 38 62 79 83 32 74 10 54 8 50 5 58 33 6 45 51 44 43 97 75 77 99 80 4 21 96 53 35 52 55 25 13 59 41 39 15 12 67 71 61 90 85 46 7 88 73 2 84 87 48 68 49 72 26 93 65 82 64 18 86 20 28 0 11 56 92 60 23 98 34 94 24 9 78 66 17 22 31 30 37 42 70 89 36 40 63 95 29 81 57 
TEST 194 ARG:19 62 26 94 31 8 28 1 92 90 63 87 11 21 84 20 23 43 74 17 86 81 14 65 35 77 60 97 68 7 40 88 30 38 48 47 59 95 58 98 55 80 15 57 37 3 79 61 91 4 39 46 89 49 41 34 29 27 70 51 99 53 45 0 67 42 24 78 73 69 64 9 71 10 32 2 5 82 18 12 52 36 96 76 44 56 22 93 72 54 83 66 6 33 13 50 85 75 25 16 
TEST 195 ARG:65 1 24 34 39 13 84 68 41 45 85 46 69 48 21 93 78 99 64 20 22 52 61 12 51 14 66 49 53 19 63 26 58 23 80 97 74 75 60 33 72 59 70 40 86 29 36 38 7 2 0 55 81 56 4 42 98 62 67 95 88 17 50 43 92 94 44 83 77 11 79 31 35 82 28 30 32 18 91 96 57 37 5 90 25 8 73 27 10 87 9 71 76 89 47 15 6 16 3 54 
TEST 196 ARG:39 64 90 56 67 19 35 48 58 51 16 40 29 66 77 95 83 2 81 3 96 45 9 38 31 14 1 85 33 22 4 92 79 8 44 70 11 93 18 37 10 47 30 52 65 63 75 98 68 23 49 61 12 27 54 20 25 28 84 21 32 87 17 26 55 72 46 76 62 91 82 43 6 50 34 5 41 24 69 0 13 71 57 74 7 42 86 36 97 89 94 88 53 60 80 73 15 78 99 59 
TEST 197 ARG:69 23 26 84 90 98 89 33 37 1 74 49 64 85 16 61 77 34 15 8 41 72 13 14 24 22 43 38 4 54 21 29 80 59 99 44 55 45 56 67 78 30 87 32 2 36 10 60 57 5 70 75 11 7 3 50 79 19 52 0 46 40 71 81 93 42 53 88 82 92 31 83 73 51 58 62 63 76 48 25 97 20 12 6 35 39 94 68 96 9 17 47 27 65 86 66 28 18 91 95 
TEST 198 ARG:17 5 13 31 3 0 9 42 28 57 24 66 98 33 74 99 21 52 89 68 87 65 18 35 93 2 55 48 16 51 85 81 6 15 67 94 82 34 75 10 38 12 92 26 23 4 88 22 14 40 90 19 29 41 59 49 32 20 63 30 27 58 83 69 37 25 80 54 46 8 47 79 7 95 45 36 1 61 44 56 53 64 76 50 62 60 43 71 70 91 78 97 72 39 84 11 77 73 86 96 
TEST 199 ARG:33 59 10 90 51 67 32 86 93 35 29 38 69 49 66 12 37 96 48 78 87 58 24 89 52 25 34 72 30 17 64 60 22 83 80 0 11 13 79 40 14 15 8 97 62 53 74 21 57 1 94 82 31 16 65 39 91 26 54 5 4 18 81 41 61 75 56 2 19 99 92 9 27 36 45 3 44 85 43 46 68 7 84 70 76 50 73 71 98 77 42 95 6 28 63 47 88 23 20 55 
TEST 200 ARG:19 77 82 85 72 84 65 58 39 87 8 74 51 62 89 15 79 7 42 80 94 83 97 29 68 0 60 76 10 43 88 44 46 96 17 78 9 45 57 73 4 52 98 93 50 48 66 70 27 30 75 54 55 63 31 36 53 32 86 40 95 23 2 69 16 18 91 12 34 59 6 21 3 14 24 64 5 92 35 49 37 25 47 1 20 67 26 90 13 99 11 33 71 38 56 41 28 81 22 61 
TEST 201 ARG:10 87 67 53 37 7 69 33 30 22 9 57 36 28 46 58 81 4 2 55 43 48 17 40 5 3 25 93 80 59 97 21 54 14 78 84 19 50 13 18 38 45 76 98 49 92 51 52 64 63 11 83 95 29 94 39 35 60 34 74 1 24 73 44 20 66 8 77 27 41 71 12 62 31 99 6 88 65 15 70 47 72 89 68 26 61 56 86 82 75 91 79 90 0 32 85 42 16 23 96 
Multiple size <= 500
